# Searching for substation nr 72202.4 in v2.temperature.inv
# EVERGLADES                    (UNITED STATES OF AMERICA)
# coordinates:  25.86N,  -81.39E,    2m
# Near WMO station code: 72202.4 EVERGLADES                    
# prcp from v2.prcp_adj [mm/month]
 1926 -999.9 -999.9 -999.9 -999.9 -999.9 -999.9 -999.9 -999.9 -999.9 -999.9   33.0    1.0
 1927    6.4   25.1   35.3   27.9   36.3   71.4  193.0  181.1  146.8  102.1   26.4    5.8
 1928    0.5    0.0   17.5   56.4   62.5  200.2  247.7  267.2  344.2   58.4    1.3   19.6
 1929    6.4    5.6   21.3   16.5  112.5  285.5  132.8  176.0  386.1  142.0   16.5   29.5
 1930   44.5   57.2  133.1   30.0  148.3  249.7  203.7  228.9  306.6  115.1    7.1   34.0
 1931  143.0   43.9  172.0   75.7   84.1  118.9  156.2  127.5  138.7   36.6   16.5   24.6
 1932   33.3    4.6   34.5   10.4  254.3  249.4   85.3  330.5  180.6  104.6   68.3    6.4
 1933    1.5    4.1   91.9   67.3  117.1  172.2  221.2  189.5  117.3  116.6   23.9    0.0
 1934   11.4   25.1   28.2   21.3  291.3  192.8  200.7  212.3  293.1   10.9    0.0    0.0
 1935    0.0   16.5    0.0   66.5   75.9  116.6  340.1  108.2  400.1   52.1    3.0   73.7
 1936   49.3   74.7   96.3    5.1  182.4  559.6  128.5  113.3  119.6   97.8   52.1    4.1
 1937   41.7   51.6   64.0   13.7  113.8  249.4  132.1  194.6  136.7  113.0   50.0    8.6
 1938   16.5   16.8   40.6    0.0  130.3  134.6  342.1  127.3  133.6  113.3   50.8    0.0
 1939   31.8    0.0   14.0   38.4   68.1  166.6  186.7  277.6  186.2  166.6   11.4    0.0
 1940   69.6   60.7   32.0   14.7   59.9  285.2   85.6  141.7  362.2    9.4    0.0  116.1
 1941  115.3   78.2  104.4  139.7    0.0   95.5   75.7  111.3  212.3  159.8   46.5    0.0
 1942   54.9   42.9   39.9   15.7   65.3  276.9  129.8   84.6   61.2    7.4   30.5   17.0
 1943   46.2   28.4   15.2   87.4   65.0  226.8  131.1  112.8   83.8   90.2   24.9    7.9
 1944   18.5    1.0   28.2   25.1  141.2  194.1  104.4  151.9  115.1  120.1    4.3   51.8
 1945   76.5   20.8    1.0  133.6   21.8  108.0  235.5  181.6  365.8   94.0   14.7   45.7
 1946   23.1   28.7   27.7   10.2  109.7  240.5  271.3  178.8  231.6   45.2   49.0   57.2
 1947   17.5   33.8  130.6  134.6   74.2  268.7  180.8  184.7  280.2  247.9  172.5   43.7
 1948   42.4    3.0    4.3   61.7   78.0   90.9  282.4  175.0  427.7   84.6   35.6   14.7
 1949    1.0    2.3    1.0   26.4  102.6  283.7  225.6  213.9  313.7   63.5   10.9   84.8
 1950    0.5   32.0    5.1   15.5   63.5   94.5  233.7  173.7  120.1  167.6   36.1   58.9
 1951   10.4    5.3   16.0  101.1   54.6   57.4  239.0  130.3  139.4   65.3   24.1    5.1
 1952    9.7  121.2   76.2   27.4   70.1  162.3  206.5   67.3  345.7  202.2   17.5   23.6
 1953   63.2   43.2  140.2  170.9   47.2  148.1  131.8  195.8  326.6   77.7   24.9   33.0
 1954    1.0   63.8   83.1  178.1  256.3  216.4  170.2  164.6  215.4   68.6   17.8   20.6
 1955   16.5    7.9    3.0   49.0   90.4  307.6  150.1  162.3  208.3   82.3   17.0   47.8
 1956   37.1   17.5    2.0  105.7  194.6   77.7  108.0  149.9   86.9  103.4   17.5    3.0
 1957    8.9  109.5   17.0   37.1  158.0  135.6  156.5  166.1  151.4  151.1    3.0   48.8
 1958  154.2   24.1  119.9   18.3  291.3  191.3  196.3  294.6  196.6  115.6    5.1   91.7
 1959   49.5   11.4   46.5   21.8  200.7  371.3  178.8  188.7  121.2  187.7   68.8    8.1
 1960    7.6   32.0   69.9   86.9   50.8  218.9  394.7   70.6  378.5   96.0   94.2   22.9
 1961   48.8   13.5   14.7    0.0  102.6  136.9  235.5  137.7  168.7   54.4   22.6    2.3
 1962   22.6    5.6   52.1   14.7   54.4  324.6  205.2  167.1  319.5   65.5   40.4   15.2
 1963   23.9  177.0    1.0    4.3  131.6   71.6   62.2  171.5  425.5   26.4   54.9   42.4
 1964   33.8   31.0   20.8    5.1  143.8  247.7  219.5  121.2  142.5  127.5   32.0   14.5
 1965   17.5   67.6   15.0   50.8   33.8  148.1  194.1  152.4  175.0  116.8   14.2    8.4
 1966   88.4   47.2    8.9   71.6  102.6  470.2  329.2   78.0  143.3   95.0    3.8    4.6
 1967   30.5   40.6   15.5    0.0    6.4  338.6  219.2  118.9  238.3   75.4   37.1   37.1
 1968   41.9   74.7   29.0    8.9  239.5  409.4  138.9  185.7  370.6  229.4   29.2    3.8
 1969   45.7   38.9   52.3   52.8  138.4  596.1  133.4  282.4   94.2  153.9   14.5   13.0
 1970   45.5   31.5  225.8    0.0  132.3   86.6  277.9  115.6  147.8  120.9   10.9    0.0
 1971   11.2   20.1    3.0    2.8   88.1  140.5  142.2  273.1  225.8  174.0   11.9   29.7
 1972   33.8   77.0   34.0   49.8  134.9  408.4  142.7  186.4  295.4   41.4  124.7   30.5
 1973   65.5   18.0   60.7   26.9   34.0  213.9  265.7  264.2  200.4    7.9   14.5   65.5
 1974    8.9    0.0    0.0   57.7   80.0  307.1  239.5  160.0  145.8    2.8    9.1  105.4
 1975    5.8    2.3   54.9   25.9  108.2  176.5  146.8  116.1  363.7  102.6    5.8    3.8
 1976    8.6   51.6    9.7   48.3  134.9  261.4  138.4  148.6  132.8  112.8   21.1   52.1
 1977   37.1   18.0    0.8   45.7  110.2  299.7  373.9  176.8  243.3    8.4   32.0   65.3
 1978   55.1   99.6   99.8   45.5   86.1  307.3  174.8  164.6  261.9  145.0   73.9   75.2
 1979   61.5   11.2   16.5   41.4  151.6  196.1  233.4  320.8  255.5   91.9   42.2   75.4
 1980   31.8   26.9   53.3   70.1  115.6 -999.9  209.3  209.3  138.9    8.1   73.9   26.4
 1981   12.4   47.5   39.4    1.0   46.5  196.1  178.8  333.2  223.8   46.5   11.9    4.3
 1982    7.9   30.7   44.2  116.3  139.2  449.8 -999.9  294.9  157.7  120.4   36.1   16.5
 1983  154.9  148.3   91.9   24.1   16.8  272.3  203.2  231.4  407.2  309.9   45.2   63.8
 1984   11.4   20.3   89.7   21.6  108.0  146.1  355.3  218.7  167.9  105.9   34.3    4.6
 1985   32.5   11.4   29.0   53.3   72.6  103.1 -999.9   77.2   79.0 -999.9 -999.9 -999.9
 1986 -999.9 -999.9   42.2   31.2   12.4  417.6  117.1  294.6  106.4  141.2   32.3  193.5
 1987   25.7   44.2  159.8    1.0 -999.9  136.7  121.2  246.6  181.6   44.7  130.3    2.5
 1988   29.5   36.6   24.1   41.9   66.0  143.0   77.5  155.4  145.5   42.2   39.9   24.9
 1989   18.3    5.3   42.7   98.6    5.8  196.3  226.8  147.8  196.1  126.2    9.7   28.4
 1990    2.5   10.2   21.8   20.6  102.4  224.5  213.9  315.0  139.7  106.2   19.1    2.3
 1991   95.5   58.7   14.2   61.7  120.9  381.3  351.5  137.7  146.1   54.6   20.8    3.3
 1992    8.6   99.8   59.4   83.6   12.2  435.9  114.3  386.6  153.4   40.4   34.5    2.0
 1993  141.2   46.7   39.6   87.9  134.4   84.6  147.3  283.7  316.2  120.7   23.6   11.2
 1994  106.2   30.2   40.1  159.3   84.6  249.2  128.0  140.7  248.9  118.6 -999.9  108.0
 1995   73.4    7.6   29.0   91.7  258.6  519.2  146.8  371.9  219.7  231.4    5.1    8.9
 1996   47.0    4.3   40.6   42.4  181.4  367.0   94.7  118.1  148.3   43.4    1.8   22.9
 1997   51.8   30.5  140.7   21.8   58.4  197.6  129.0  187.5   93.7   38.9  126.2  197.4
 1998   32.8  101.6  158.5    0.0   46.0  222.3  209.3  271.0  167.4   63.8  265.4   39.6
 1999   70.9    0.5   14.0   27.7   54.4  291.1  162.3  125.5  471.4  193.5   90.7   13.2
 2000   21.8   16.0   10.7   69.9   40.9  174.8 -999.9  211.1  235.5  121.9    2.5    1.5
 2001    8.1    0.0   47.5   30.7   64.5  200.2  305.1  248.2  312.4  224.3 -999.9   55.9
 2002   35.1   13.5   25.9    8.6   54.1  401.8  217.4  141.7  301.5   66.5   66.8   23.9
 2003   20.1   29.0   72.6  120.9  160.0  315.0  220.0  261.4  328.7   36.1   50.0   23.1
 2004  108.5   71.4   18.3   79.0   19.3 -999.9 -999.9  408.9 -999.9 -999.9 -999.9 -999.9
 2005   14.7   14.2   67.3   62.0 -999.9 -999.9 -999.9 -999.9 -999.9  194.1   58.9   25.9
 2006    7.4  128.0    0.5 -999.9 -999.9 -999.9 -999.9 -999.9 -999.9 -999.9 -999.9 -999.9
