"Bird.Count" "Lat" "Lon" "month" "year"
"5" 0 25.7230333333333 -81.1448 4 1981
"16" 0 25.7230833333333 -81.0270833333333 4 1981
"47" 0 25.65105 -81.0665 4 1981
"60" 1 25.62495 -80.9680833333333 4 1981
"74" 0 25.6159 -80.9581333333333 4 1981
"105" 0 25.5979833333333 -80.9083 4 1981
"112" 2 25.5889333333333 -80.9381333333333 4 1981
"198" 2 25.51695 -80.9179666666667 4 1981
"203" 0 25.5078 -80.9776166666667 4 1981
"204" 0 25.5078333333333 -80.9676666666667 4 1981
"205" 0 25.50785 -80.9577833333333 4 1981
"220" 0 25.8219833333333 -81.2144666666667 4 1981
"223" 0 25.8129833333333 -81.2144166666667 4 1981
"233" 0 25.6158833333333 -81.0469833333333 4 1981
"244" 0 25.75005 -80.9086 4 1981
"262" 0 25.7231166666667 -80.9085166666667 4 1981
"268" 0 25.71405 -80.9185166666667 4 1981
"275" 0 25.70515 -80.9085 4 1981
"289" 0 25.6872 -80.9483 4 1981
"292" 0 25.6871833333333 -80.9184666666667 4 1981
"293" 0 25.6871833333333 -80.9084666666667 4 1981
"297" 0 25.6781166666667 -80.9582333333333 4 1981
"307" 0 25.66905 -80.9581833333333 4 1981
"315" 0 25.66915 -80.8785666666667 4 1981
"320" 1 25.66005 -80.9481833333333 4 1981
"330" 2 25.6509666666667 -80.9780166666667 4 1981
"332" 2 25.651 -80.9581166666667 4 1981
"345" 1 25.6420666666667 -80.9580833333333 4 1981
"360" 2 25.6331166666667 -80.93815 4 1981
"361" 1 25.6331333333333 -80.9282666666667 4 1981
"365" 0 25.6331333333333 -80.8886166666667 4 1981
"435" 0 25.7050833333333 -80.8392 4 1981
"439" 0 25.69605 -80.8391666666667 4 1981
"457" 0 25.6509333333333 -80.85895 4 1981
"466" 0 25.6330166666667 -80.8489833333333 4 1981
"469" 0 25.7500666666667 -81.16465 6 1992
"481" 0 25.7320166666667 -81.0668 6 1992
"482" 0 25.7320333333333 -81.0570666666667 6 1992
"483" 0 25.7230833333333 -81.0270833333333 6 1992
"484" 0 25.7230833333333 -81.01715 6 1992
"487" 0 25.7051 -81.1066166666667 6 1992
"488" 0 25.7051 -81.0966666666667 6 1992
"494" 0 25.696 -81.0866166666667 6 1992
"499" 0 25.6871333333333 -81.0865666666667 6 1992
"504" 0 25.6781666666667 -81.0568166666667 6 1992
"507" 3 25.6690833333333 -81.0764833333333 6 1992
"508" 0 25.6691166666667 -81.06655 6 1992
"509" 0 25.66915 -81.0567833333333 6 1992
"511" 2 25.66005 -81.0764833333333 6 1992
"513" 0 25.6601166666667 -81.05675 6 1992
"520" 0 25.6421333333333 -81.0466166666667 6 1992
"537" 0 25.62505 -80.8787666666667 5 1992
"548" 0 25.61595 -80.8984666666667 5 1992
"605" 0 25.5709 -80.8884166666667 5 1992
"613" 0 25.5619 -80.9081666666667 5 1992
"616" 0 25.5619166666667 -80.8786 5 1992
"617" 0 25.55285 -80.9678166666667 6 1992
"626" 0 25.5528833333333 -80.8786 5 1992
"628" 0 25.5438 -80.9678 6 1992
"645" 0 25.5347666666667 -80.9080833333333 5 1992
"646" 0 25.5347666666667 -80.8981833333333 5 1992
"667" 0 25.5169666666667 -80.908 5 1992
"689" 0 25.822 -81.2044666666667 6 1992
"692" 0 25.8130166666667 -81.2044166666667 6 1992
"724" 0 25.73205 -80.9284333333333 5 1992
"730" 0 25.72315 -80.9383666666667 5 1992
"737" 0 25.7140833333333 -80.93835 5 1992
"744" 0 25.7051333333333 -80.9284 5 1992
"789" 0 25.6600333333333 -80.96805 6 1992
"855" 0 25.5889 -80.8592333333333 5 1992
"862" 0 25.57085 -80.8692 5 1992
"866" 0 25.5619 -80.8691833333333 5 1992
"870" 0 25.5529 -80.8691666666667 5 1992
"888" 0 25.5438333333333 -80.8692333333333 6 1992
"938" 0 25.6599833333333 -80.8688833333333 5 1992
"947" 0 25.642 -80.8589 5 1992
"948" 0 25.642 -80.849 5 1992
"999" 0 25.6780166666667 -81.0865166666667 5 1993
"1000" 0 25.6781333333333 -81.0665833333333 5 1993
"1001" 0 25.6781666666667 -81.0568166666667 5 1993
"1022" 0 25.6777666666667 -81.0764 5 1993
"1071" 0 25.5979833333333 -80.9083 5 1993
"1080" 2 25.5889166666667 -80.9182666666667 5 1993
"1083" 0 25.5889333333333 -80.8885 5 1993
"1111" 0 25.5619 -80.9081666666667 5 1993
"1112" 0 25.5619166666667 -80.8982333333333 5 1993
"1113" 0 25.56195 -80.8884166666667 5 1993
"1114" 0 25.5619166666667 -80.8786 5 1993
"1115" 0 25.55285 -80.9678166666667 5 1993
"1126" 0 25.5438 -80.9678 5 1993
"1144" 0 25.5347666666667 -80.8981833333333 5 1993
"1156" 0 25.52585 -80.8883833333333 5 1993
"1337" 0 25.5889 -80.8691833333333 5 1993
"1338" 0 25.5889 -80.8592333333333 5 1993
"1341" 0 25.5799166666667 -80.8691833333333 5 1993
"1342" 0 25.5799166666667 -80.8592333333333 5 1993
"1349" 0 25.5619 -80.8691833333333 5 1993
"1350" 0 25.5619 -80.8592666666667 5 1993
"1390" 1 25.6690166666667 -80.8589666666667 5 1993
"1393" 0 25.6599833333333 -80.8688833333333 5 1993
"1398" 0 25.6509333333333 -80.85895 5 1993
"1402" 0 25.642 -80.8589 5 1993
"1505" 0 25.68705 -81.1249833333333 5 1995
"1506" 1 25.6871333333333 -81.0865666666667 5 1995
"1510" 0 25.6781333333333 -81.0665833333333 5 1995
"1512" 0 25.66905 -81.0864833333333 5 1995
"1515" 0 25.66005 -81.0764833333333 5 1995
"1517" 0 25.6421166666667 -81.0664833333333 5 1995
"1519" 0 25.6421333333333 -81.0466166666667 5 1995
"1520" 0 25.6332333333333 -81.04655 5 1995
"1558" 0 25.5980166666667 -80.8983666666667 5 1995
"1568" 0 25.5799333333333 -80.9380833333333 5 1995
"1569" 0 25.5799666666667 -80.9281833333333 5 1995
"1570" 0 25.5799833333333 -80.9182166666667 5 1995
"1573" 0 25.58 -80.88845 5 1995
"1576" 0 25.5709 -80.9480166666667 5 1995
"1577" 0 25.5709 -80.9380166666667 5 1995
"1580" 1 25.5709166666667 -80.9081666666667 5 1995
"1583" 0 25.5708666666667 -80.8786166666667 5 1995
"1585" 0 25.5618833333333 -80.94795 5 1995
"1586" 0 25.5619 -80.93795 5 1995
"1590" 0 25.5619166666667 -80.8982333333333 5 1995
"1591" 0 25.56195 -80.8884166666667 5 1995
"1594" 0 25.5528833333333 -80.9479333333333 5 1995
"1595" 0 25.5529 -80.9379333333333 5 1995
"1598" 0 25.5528833333333 -80.9081333333333 5 1995
"1599" 0 25.5529 -80.8982166666667 5 1995
"1602" 0 25.54385 -80.9478833333333 5 1995
"1603" 0 25.54385 -80.9379333333333 5 1995
"1610" 0 25.5347333333333 -80.95785 5 1995
"1611" 0 25.53475 -80.94785 5 1995
"1620" 0 25.5258 -80.9477833333333 5 1995
"1629" 0 25.51685 -80.94775 5 1995
"1630" 0 25.5168833333333 -80.9378333333333 5 1995
"1641" 0 25.62505 -81.0270666666667 5 1995
"1642" 0 25.6158833333333 -81.0371833333333 5 1995
"1645" 0 25.7410833333333 -80.8786166666667 5 1995
"1648" 0 25.73205 -80.8786 5 1995
"1652" 0 25.7231 -80.8786166666667 5 1995
"1655" 0 25.71405 -80.8786333333333 5 1995
"1656" 0 25.7051333333333 -80.9284 5 1995
"1658" 0 25.70515 -80.9085 5 1995
"1661" 2 25.70515 -80.8786 5 1995
"1666" 0 25.6960333333333 -80.8786 5 1995
"1670" 0 25.6871833333333 -80.9084666666667 5 1995
"1673" 0 25.6872 -80.87855 5 1995
"1677" 0 25.6781833333333 -80.9084333333333 5 1995
"1681" 0 25.6690666666667 -80.9482333333333 5 1995
"1682" 0 25.6690833333333 -80.93825 5 1995
"1685" 0 25.6691 -80.9084 5 1995
"1689" 0 25.66005 -80.9481833333333 5 1995
"1698" 0 25.6510166666667 -80.9381833333333 5 1995
"1701" 0 25.6510333333333 -80.90835 5 1995
"1754" 0 25.741 -80.86905 5 1995
"1777" 0 25.69605 -80.8391666666667 5 1995
"1781" 0 25.6871 -80.8391666666667 5 1995
"1793" 0 25.6600333333333 -80.8391333333333 5 1995
"1802" 0 25.6330333333333 -80.8688166666667 5 1995
"1840" 0 25.5529 -80.8884 5 1996
"1844" 0 25.5438833333333 -80.8884333333333 5 1996
"1865" 0 25.70515 -80.8886166666667 5 1996
"1866" 0 25.70515 -80.8786 5 1996
"1868" 0 25.69605 -80.8885833333333 5 1996
"1869" 2 25.6960333333333 -80.8786 5 1996
"1871" 0 25.6872 -80.8885666666667 5 1996
"1881" 0 25.6601 -80.87855 5 1996
"1884" 0 25.642 -80.91835 5 1996
"1885" 0 25.6420666666667 -80.8886 5 1996
"1887" 0 25.6331333333333 -80.9182833333333 5 1996
"1891" 0 25.62495 -80.8592166666667 5 1996
"1893" 0 25.6249666666667 -80.8393166666667 5 1996
"1894" 0 25.6158333333333 -80.8692 5 1996
"1895" 0 25.6158666666667 -80.8592333333333 5 1996
"1920" 0 25.5529 -80.8691666666667 5 1996
"1924" 0 25.741 -80.86905 4 1996
"1925" 0 25.741 -80.8591333333333 4 1996
"1926" 0 25.7410333333333 -80.8492166666667 4 1996
"1929" 0 25.7319666666667 -80.8591166666667 4 1996
"1930" 0 25.7319666666667 -80.8491833333333 4 1996
"1931" 0 25.7319833333333 -80.8392666666667 4 1996
"1933" 0 25.7230333333333 -80.8591166666667 4 1996
"1934" 0 25.7139166666667 -80.869 5 1996
"1935" 0 25.7139333333333 -80.8591 5 1996
"1938" 2 25.7049833333333 -80.86895 5 1996
"1939" 3 25.7050166666667 -80.8590333333333 5 1996
"1953" 3 25.67805 -80.8391333333333 5 1996
"1959" 0 25.6600166666667 -80.85895 5 1996
"1970" 0 25.6330333333333 -80.8589 5 1996
"2017" 0 25.5889333333333 -80.89835 4 1997
"2022" 0 25.5709 -80.9281166666667 5 1997
"2025" 2 25.5709333333333 -80.89825 4 1997
"2033" 0 25.5528833333333 -80.9081333333333 5 1997
"2035" 0 25.54385 -80.9280666666667 5 1997
"2066" 0 25.7410833333333 -80.8786166666667 5 1997
"2071" 0 25.72315 -80.9383666666667 5 1997
"2086" 2 25.70515 -80.8786 5 1997
"2098" 0 25.6872 -80.87855 5 1997
"2128" 0 25.6510833333333 -80.8885666666667 5 1997
"2156" 0 25.8842333333333 -81.30285 5 1997
"2158" 0 25.62495 -80.8592166666667 4 1997
"2165" 0 25.6069166666667 -80.8692333333333 4 1997
"2195" 0 25.7410333333333 -80.8492166666667 4 1997
"2197" 0 25.7319666666667 -80.8690666666667 4 1997
"2199" 0 25.7319666666667 -80.8491833333333 4 1997
"2205" 0 25.7139166666667 -80.869 4 1997
"2206" 0 25.7139333333333 -80.8591 4 1997
"2207" 0 25.7139666666667 -80.84915 4 1997
"2208" 0 25.7139833333333 -80.8392166666667 4 1997
"2209" 2 25.7049833333333 -80.86895 4 1997
"2210" 2 25.7050166666667 -80.8590333333333 4 1997
"2211" 0 25.7050166666667 -80.8491333333333 4 1997
"2217" 3 25.68705 -80.8689 4 1997
"2218" 0 25.6870666666667 -80.8589666666667 4 1997
"2221" 0 25.6779833333333 -80.8688833333333 4 1997
"2223" 0 25.6780333333333 -80.84905 4 1997
"2224" 0 25.67805 -80.8391333333333 4 1997
"2227" 0 25.6689833333333 -80.84905 4 1997
"2229" 0 25.6599833333333 -80.8688833333333 4 1997
"2230" 0 25.6600166666667 -80.85895 4 1997
"2236" 0 25.651 -80.8391333333333 4 1997
"2241" 0 25.6330333333333 -80.8688166666667 4 1997
"2261" 0 25.6251 -80.8985 5 1998
"2455" 0 25.6158333333333 -80.8692 5 1998
"2459" 0 25.6069166666667 -80.8692333333333 5 1998
"2466" 0 25.5889 -80.8691833333333 5 1998
"2487" 0 25.741 -80.8591333333333 5 1998
"2488" 0 25.7410333333333 -80.8492166666667 5 1998
"2499" 0 25.7139333333333 -80.8591 5 1998
"2500" 0 25.7139666666667 -80.84915 5 1998
"2509" 0 25.69605 -80.8391666666667 5 1998
"2521" 0 25.6690333333333 -80.83915 5 1998
"2523" 0 25.6600166666667 -80.85895 5 1998
"2530" 1 25.642 -80.8688333333333 5 1998
"2561" 0 25.66915 -81.0567833333333 5 1999
"2605" 0 25.5979333333333 -80.8787166666667 5 1999
"2613" 0 25.5889333333333 -80.8885 5 1999
"2618" 0 25.5799666666667 -80.9281833333333 5 1999
"2622" 0 25.58 -80.88845 5 1999
"2772" 0 25.6420666666667 -80.8786166666667 5 1999
"2778" 0 25.6331333333333 -80.9182833333333 5 1999
"2815" 0 25.741 -80.86905 4 1999
"2829" 0 25.7139666666667 -80.84915 4 1999
"2831" 1 25.7049833333333 -80.86895 4 1999
"2843" 0 25.6779833333333 -80.8688833333333 4 1999
"2894" 0 25.6691166666667 -81.06655 5 2000
"2897" 1 25.6510833333333 -81.0567166666667 5 2000
"2961" 0 25.5709 -80.9380166666667 4 2000
"3186" 0 25.6779833333333 -80.8688833333333 4 2000
"3198" 0 25.6509333333333 -80.86885 4 2000
"3241" 0 25.6069666666667 -80.9083666666667 5 2001
"3314" 0 25.6871833333333 -80.8984833333333 5 2001
"3319" 0 25.6781833333333 -80.9084333333333 5 2001
"3329" 0 25.6691166666667 -80.8885666666667 5 2001
"3336" 0 25.6601 -80.87855 5 2001
"3356" 0 25.6420666666667 -80.8786166666667 5 2001
"3363" 0 25.6331333333333 -80.8886166666667 5 2001
"3434" 0 25.6509333333333 -80.86885 4 2001
"3454" 0 25.6159333333333 -80.9283166666667 5 2002
"3491" 0 25.5709 -80.8884166666667 5 2002
"3546" 0 25.6782166666667 -80.8785666666667 4 2002
"3653" 0 25.6330333333333 -80.8391 4 2002
"3683" 0 25.6250833333333 -80.9084166666667 5 2003
"3695" 0 25.6069666666667 -80.9083666666667 5 2003
"3782" 0 25.6510333333333 -80.9183 5 2003
"3792" 0 25.6331333333333 -80.9182833333333 5 2003
"3802" 0 25.6069333333333 -80.8592333333333 5 2003
"3865" 0 25.6780333333333 -80.8197833333333 4 2003
"3897" 0 25.5980166666667 -80.8983666666667 4 2004
"3915" 0 25.5709 -80.8884166666667 4 2004
"4012" 0 25.7050166666667 -80.8590333333333 4 2004
"4022" 0 25.6871 -80.8391666666667 4 2004
"4029" 0 25.6689833333333 -80.84905 4 2004
"4071" 0 25.3918166666667 -80.72755 4 1981
"4075" 0 25.38305 -80.7177666666667 4 1981
"4076" 0 25.3748 -80.8266 4 1981
"4080" 0 25.3749333333333 -80.78685 4 1981
"4081" 0 25.37495 -80.77705 4 1981
"4082" 0 25.37495 -80.7671666666667 4 1981
"4097" 1 25.3570166666667 -80.7768833333333 4 1981
"4099" 1 25.3569833333333 -80.7572 4 1981
"4101" 0 25.3480333333333 -80.8164833333333 4 1981
"4105" 3 25.3480333333333 -80.7768333333333 4 1981
"4106" 1 25.3480333333333 -80.7669 4 1981
"4108" 0 25.3389666666667 -80.8262333333333 4 1981
"4109" 1 25.339 -80.8163666666667 4 1981
"4110" 1 25.339 -80.8064 4 1981
"4111" 1 25.3390166666667 -80.79655 4 1981
"4116" 0 25.33005 -80.8261 4 1981
"4117" 1 25.3300666666667 -80.8162833333333 4 1981
"4118" 1 25.3300833333333 -80.8063 4 1981
"4132" 0 25.3120333333333 -80.8161 4 1981
"4134" 0 25.312 -80.7962666666667 4 1981
"4137" 3 25.3120166666667 -80.7665666666667 4 1981
"4139" 0 25.3030166666667 -80.8060166666667 4 1981
"4147" 0 25.2939833333333 -80.7763333333333 4 1981
"4148" 0 25.2939833333333 -80.7664333333333 4 1981
"4162" 0 25.4100833333333 -80.7867166666667 4 1981
"4165" 0 25.4011166666667 -80.80675 4 1981
"4166" 0 25.4011166666667 -80.79685 4 1981
"4167" 0 25.4011 -80.7868166666667 4 1981
"4168" 0 25.4010833333333 -80.7770666666667 4 1981
"4173" 0 25.3920166666667 -80.7969333333333 4 1981
"4175" 0 25.392 -80.7574333333333 4 1981
"4177" 0 25.3831 -80.8169166666667 4 1981
"4179" 3 25.3831 -80.7970333333333 4 1981
"4180" 1 25.3830666666667 -80.78705 4 1981
"4181" 0 25.3830333333333 -80.7773333333333 4 1981
"4182" 3 25.3748666666667 -80.7473666666667 4 1981
"4186" 0 25.3748833333333 -80.7076666666667 4 1981
"4189" 0 25.36595 -80.7374 4 1981
"4190" 1 25.36595 -80.7273833333333 4 1981
"4191" 0 25.3659833333333 -80.7175166666667 4 1981
"4196" 2 25.35695 -80.7473333333333 4 1981
"4202" 0 25.3570333333333 -80.6878166666667 4 1981
"4203" 0 25.3570666666667 -80.6779333333333 4 1981
"4204" 0 25.35705 -80.668 4 1981
"4209" 2 25.3479 -80.7473166666667 4 1981
"4210" 3 25.3479166666667 -80.7374 4 1981
"4213" 0 25.3480166666667 -80.6878166666667 4 1981
"4214" 0 25.34805 -80.67795 4 1981
"4215" 0 25.34805 -80.6679833333333 4 1981
"4216" 0 25.34805 -80.6582166666667 4 1981
"4218" 0 25.34805 -80.6382833333333 4 1981
"4219" 0 25.3480166666667 -80.62845 4 1981
"4235" 1 25.3209833333333 -80.7175166666667 4 1981
"4236" 2 25.321 -80.70765 4 1981
"4237" 3 25.3119833333333 -80.7472666666667 4 1981
"4238" 2 25.3119833333333 -80.7373666666667 4 1981
"4239" 3 25.3119833333333 -80.7273833333333 4 1981
"4240" 2 25.3119833333333 -80.7175 4 1981
"4243" 2 25.3029333333333 -80.7373666666667 4 1981
"4244" 2 25.3029166666667 -80.72745 4 1981
"4251" 0 25.2939833333333 -80.7076666666667 4 1981
"4254" 0 25.3917333333333 -80.7475 4 1992
"4255" 0 25.3917666666667 -80.7375833333333 4 1992
"4257" 0 25.3830333333333 -80.7474833333333 4 1992
"4258" 0 25.3830333333333 -80.73755 4 1992
"4259" 0 25.3830333333333 -80.7275666666667 4 1992
"4260" 0 25.38305 -80.7177666666667 4 1992
"4268" 0 25.375 -80.7572 4 1992
"4274" 0 25.3659833333333 -80.7769666666667 4 1992
"4275" 0 25.366 -80.7670666666667 4 1992
"4276" 0 25.3659833333333 -80.7572 4 1992
"4284" 4 25.3569833333333 -80.7572 4 1992
"4286" 0 25.3480333333333 -80.8164833333333 5 1992
"4289" 4 25.3480333333333 -80.78665 5 1992
"4295" 0 25.339 -80.8064 5 1992
"4296" 1 25.3390166666667 -80.79655 5 1992
"4300" 3 25.3390333333333 -80.7571666666667 4 1992
"4304" 3 25.3300833333333 -80.79645 5 1992
"4305" 1 25.3300833333333 -80.7864666666667 4 1992
"4306" 1 25.3301 -80.7766333333333 4 1992
"4313" 2 25.3209666666667 -80.78635 4 1992
"4314" 5 25.3209833333333 -80.7765333333333 4 1992
"4315" 2 25.321 -80.76665 4 1992
"4316" 4 25.3209333333333 -80.75725 4 1992
"4321" 2 25.312 -80.77645 4 1992
"4328" 3 25.3030166666667 -80.7664833333333 4 1992
"4331" 1 25.294 -80.78615 4 1992
"4333" 1 25.2939833333333 -80.7664333333333 4 1992
"4334" 1 25.294 -80.7572166666667 4 1992
"4335" 2 25.285 -80.75695 4 1992
"4336" 3 25.285 -80.7664 4 1992
"4365" 0 25.392 -80.7574333333333 5 1992
"4369" 0 25.3831 -80.7970333333333 5 1992
"4370" 0 25.3830666666667 -80.78705 5 1992
"4372" 0 25.3748666666667 -80.7473666666667 4 1992
"4373" 0 25.3748166666667 -80.7374333333333 4 1992
"4374" 0 25.3747333333333 -80.7274 4 1992
"4375" 0 25.37495 -80.7175333333333 4 1992
"4376" 0 25.3748833333333 -80.7076666666667 4 1992
"4378" 4 25.36595 -80.74735 4 1992
"4379" 1 25.36595 -80.7374 4 1992
"4380" 0 25.36595 -80.7273833333333 4 1992
"4381" 0 25.3659833333333 -80.7175166666667 4 1992
"4382" 0 25.3659833333333 -80.70765 4 1992
"4387" 2 25.3569666666667 -80.7374 4 1992
"4388" 0 25.35695 -80.7273833333333 4 1992
"4390" 0 25.3569833333333 -80.7076833333333 4 1992
"4391" 0 25.3570166666667 -80.6976833333333 4 1992
"4393" 0 25.3570666666667 -80.6779333333333 4 1992
"4394" 0 25.35705 -80.668 4 1992
"4395" 0 25.35705 -80.6582 4 1992
"4396" 0 25.3570333333333 -80.6481833333333 4 1992
"4397" 0 25.3570333333333 -80.6383 4 1992
"4398" 0 25.357 -80.6284666666667 4 1992
"4399" 4 25.3479 -80.7473166666667 4 1992
"4400" 4 25.3479166666667 -80.7374 4 1992
"4401" 4 25.3479333333333 -80.7274 4 1992
"4403" 0 25.3480166666667 -80.6878166666667 4 1992
"4404" 0 25.34805 -80.67795 4 1992
"4405" 0 25.34805 -80.6679833333333 4 1992
"4406" 0 25.34805 -80.6582166666667 4 1992
"4407" 0 25.34805 -80.6481833333333 4 1992
"4408" 0 25.34805 -80.6382833333333 4 1992
"4414" 0 25.3391166666667 -80.6582 4 1992
"4417" 5 25.3300166666667 -80.7473166666667 4 1992
"4419" 2 25.3300333333333 -80.7274 4 1992
"4420" 3 25.33005 -80.7175333333333 4 1992
"4421" 4 25.33005 -80.7076666666667 4 1992
"4422" 3 25.3209166666667 -80.7472833333333 4 1992
"4423" 2 25.32095 -80.7374 4 1992
"4425" 0 25.3209833333333 -80.7175166666667 4 1992
"4427" 4 25.3119833333333 -80.7472666666667 4 1992
"4428" 1 25.3119833333333 -80.7373666666667 4 1992
"4429" 0 25.3119833333333 -80.7273833333333 4 1992
"4430" 0 25.3119833333333 -80.7175 4 1992
"4432" 0 25.3029333333333 -80.7472666666667 4 1992
"4433" 3 25.3029333333333 -80.7373666666667 4 1992
"4436" 4 25.3029166666667 -80.7076833333333 4 1992
"4437" 4 25.2939833333333 -80.74725 4 1992
"4438" 3 25.294 -80.7373666666667 4 1992
"4439" 4 25.294 -80.7273833333333 4 1992
"4440" 3 25.2940166666667 -80.71745 4 1992
"4442" 4 25.2851333333333 -80.74725 4 1992
"4443" 4 25.2851333333333 -80.7373666666667 4 1992
"4444" 2 25.285 -80.7272166666667 4 1992
"4445" 3 25.285 -80.7172333333333 4 1992
"4446" 0 25.27605 -80.7172333333333 4 1992
"4450" 1 25.2851666666667 -80.70755 4 1992
"4453" 0 25.3749333333333 -80.7968833333333 4 1993
"4457" 0 25.375 -80.7572 4 1993
"4459" 1 25.36595 -80.80665 4 1993
"4460" 0 25.3659833333333 -80.7968 4 1993
"4462" 0 25.3659833333333 -80.7769666666667 4 1993
"4465" 0 25.357 -80.8165666666667 4 1993
"4469" 0 25.3570166666667 -80.7768833333333 4 1993
"4470" 3 25.357 -80.7669833333333 4 1993
"4472" 1 25.3480333333333 -80.8164833333333 4 1993
"4474" 2 25.3480333333333 -80.79665 4 1993
"4475" 5 25.3480333333333 -80.78665 4 1993
"4476" 1 25.3480333333333 -80.7768333333333 4 1993
"4477" 1 25.3480333333333 -80.7669 4 1993
"4479" 0 25.339 -80.8163666666667 4 1993
"4481" 0 25.3390166666667 -80.79655 4 1993
"4482" 0 25.3390166666667 -80.7865333333333 4 1993
"4484" 6 25.3390333333333 -80.76685 4 1993
"4485" 4 25.3390333333333 -80.7571666666667 4 1993
"4486" 0 25.3300666666667 -80.8162833333333 4 1993
"4487" 2 25.3300833333333 -80.8063 4 1993
"4488" 2 25.3300833333333 -80.79645 4 1993
"4489" 4 25.3300833333333 -80.7864666666667 4 1993
"4490" 1 25.3301 -80.7766333333333 4 1993
"4491" 2 25.3301 -80.7667333333333 4 1993
"4492" 3 25.3300833333333 -80.75715 4 1993
"4496" 2 25.3209833333333 -80.7963666666667 4 1993
"4497" 2 25.3209666666667 -80.78635 4 1993
"4498" 2 25.3209833333333 -80.7765333333333 4 1993
"4499" 3 25.321 -80.76665 4 1993
"4500" 2 25.3209333333333 -80.75725 4 1993
"4503" 0 25.312 -80.7962666666667 4 1993
"4504" 3 25.3120166666667 -80.7862833333333 4 1993
"4505" 0 25.312 -80.77645 4 1993
"4506" 2 25.3120166666667 -80.7665666666667 4 1993
"4507" 2 25.3119666666667 -80.7572333333333 4 1993
"4509" 0 25.3030333333333 -80.7962166666667 4 1993
"4510" 1 25.3030166666667 -80.7862 4 1993
"4511" 2 25.3030166666667 -80.7763833333333 4 1993
"4512" 3 25.3030166666667 -80.7664833333333 4 1993
"4513" 3 25.3030666666667 -80.75725 4 1993
"4515" 1 25.294 -80.78615 4 1993
"4516" 2 25.2939833333333 -80.7763333333333 4 1993
"4517" 0 25.2939833333333 -80.7664333333333 4 1993
"4518" 3 25.294 -80.7572166666667 4 1993
"4525" 0 25.42815 -80.7573666666667 4 1993
"4528" 1 25.3748166666667 -80.7374333333333 4 1993
"4529" 0 25.3747333333333 -80.7274 4 1993
"4530" 0 25.37495 -80.7175333333333 4 1993
"4531" 3 25.36595 -80.74735 4 1993
"4532" 2 25.36595 -80.7374 4 1993
"4533" 0 25.36595 -80.7273833333333 4 1993
"4534" 0 25.3659833333333 -80.7175166666667 4 1993
"4535" 4 25.35695 -80.7473333333333 4 1993
"4536" 1 25.3569666666667 -80.7374 4 1993
"4537" 0 25.35695 -80.7273833333333 4 1993
"4538" 0 25.3569666666667 -80.7175166666667 4 1993
"4539" 2 25.3479 -80.7473166666667 4 1993
"4540" 2 25.3479166666667 -80.7374 4 1993
"4541" 2 25.3479333333333 -80.7274 4 1993
"4542" 0 25.34795 -80.7175333333333 4 1993
"4546" 0 25.3390333333333 -80.7175333333333 4 1993
"4548" 3 25.3300166666667 -80.7374166666667 4 1993
"4549" 2 25.3300333333333 -80.7274 4 1993
"4551" 1 25.3209166666667 -80.7472833333333 4 1993
"4552" 0 25.32095 -80.7374 4 1993
"4553" 0 25.32095 -80.7274 4 1993
"4555" 3 25.3119833333333 -80.7472666666667 4 1993
"4556" 3 25.3119833333333 -80.7373666666667 4 1993
"4557" 0 25.3119833333333 -80.7273833333333 4 1993
"4558" 0 25.3119833333333 -80.7175 4 1993
"4559" 2 25.3029333333333 -80.7472666666667 4 1993
"4560" 3 25.3029333333333 -80.7373666666667 4 1993
"4563" 3 25.3029166666667 -80.7076833333333 4 1993
"4564" 2 25.2939833333333 -80.74725 4 1993
"4565" 3 25.294 -80.7373666666667 4 1993
"4566" 2 25.294 -80.7273833333333 4 1993
"4567" 0 25.2940166666667 -80.71745 4 1993
"4568" 2 25.2939833333333 -80.7076666666667 4 1993
"4569" 3 25.2851333333333 -80.74725 4 1993
"4570" 2 25.2851333333333 -80.7373666666667 4 1993
"4571" 2 25.285 -80.7272166666667 4 1993
"4572" 3 25.285 -80.7172333333333 4 1993
"4573" 0 25.27605 -80.7172333333333 4 1993
"4574" 3 25.2851666666667 -80.70755 4 1993
"4575" 0 25.2761 -80.7472333333333 4 1993
"4576" 2 25.2761 -80.7372333333333 4 1993
"4577" 0 25.2761 -80.7272333333333 4 1993
"4603" 4 25.3480333333333 -80.78665 5 1994
"4604" 4 25.3480333333333 -80.7768333333333 5 1994
"4640" 3 25.3030666666667 -80.75725 5 1994
"4641" 0 25.2939833333333 -80.79615 5 1994
"4642" 0 25.294 -80.78615 5 1994
"4645" 2 25.294 -80.7572166666667 5 1994
"4647" 0 25.285 -80.7664 5 1994
"4648" 0 25.285 -80.7766666666667 5 1994
"4650" 1 25.3747333333333 -80.7274 5 1994
"4651" 0 25.37495 -80.7175333333333 5 1994
"4654" 0 25.36595 -80.7273833333333 5 1994
"4655" 0 25.3659833333333 -80.7175166666667 5 1994
"4656" 4 25.35695 -80.7473333333333 5 1994
"4658" 1 25.35695 -80.7273833333333 5 1994
"4659" 0 25.3569666666667 -80.7175166666667 5 1994
"4662" 0 25.3479333333333 -80.7274 5 1994
"4663" 0 25.34795 -80.7175333333333 5 1994
"4664" 4 25.339 -80.7473166666667 5 1994
"4668" 2 25.3300166666667 -80.7473166666667 5 1994
"4669" 0 25.3300166666667 -80.7374166666667 5 1994
"4670" 0 25.3300333333333 -80.7274 5 1994
"4671" 0 25.33005 -80.7175333333333 5 1994
"4675" 0 25.3209833333333 -80.7175166666667 5 1994
"4676" 3 25.3119833333333 -80.7472666666667 5 1994
"4684" 3 25.3029166666667 -80.7076833333333 5 1994
"4686" 1 25.294 -80.7373666666667 5 1994
"4687" 0 25.294 -80.7273833333333 5 1994
"4688" 1 25.2940166666667 -80.71745 5 1994
"4690" 3 25.2851333333333 -80.74725 5 1994
"4692" 0 25.285 -80.7272166666667 5 1994
"4693" 3 25.285 -80.7172333333333 5 1994
"4708" 0 25.3749333333333 -80.7968833333333 5 1995
"4713" 2 25.3659666666667 -80.8166666666667 5 1995
"4715" 0 25.3659833333333 -80.7968 5 1995
"4722" 2 25.357 -80.7967166666667 5 1995
"4729" 2 25.3480333333333 -80.79665 5 1995
"4730" 1 25.3480333333333 -80.78665 5 1995
"4735" 0 25.339 -80.8064 5 1995
"4738" 3 25.33905 -80.7767166666667 5 1995
"4741" 1 25.3300666666667 -80.8162833333333 5 1995
"4751" 3 25.3209833333333 -80.7765333333333 5 1995
"4757" 3 25.3120166666667 -80.7862833333333 5 1995
"4758" 1 25.312 -80.77645 5 1995
"4759" 2 25.3120166666667 -80.7665666666667 5 1995
"4760" 3 25.3119666666667 -80.7572333333333 5 1995
"4764" 2 25.3030166666667 -80.7664833333333 5 1995
"4765" 4 25.3030666666667 -80.75725 5 1995
"4769" 2 25.2939833333333 -80.7664333333333 5 1995
"4770" 4 25.294 -80.7572166666667 5 1995
"4773" 0 25.42815 -80.7573666666667 5 1995
"4795" 0 25.321 -80.70765 5 1995
"4796" 3 25.3119833333333 -80.7472666666667 5 1995
"4797" 3 25.3119833333333 -80.7373666666667 5 1995
"4799" 4 25.3119833333333 -80.7175 5 1995
"4800" 2 25.3029333333333 -80.7472666666667 5 1995
"4806" 2 25.294 -80.7373666666667 5 1995
"4811" 0 25.2851333333333 -80.7373666666667 5 1995
"4812" 0 25.2851666666667 -80.70755 5 1995
"4828" 0 25.3917333333333 -80.7475 4 1996
"4829" 0 25.3917666666667 -80.7375833333333 4 1996
"4831" 0 25.3830333333333 -80.7474833333333 4 1996
"4833" 0 25.3748333333333 -80.81675 4 1996
"4834" 1 25.3749 -80.80675 4 1996
"4835" 0 25.3749333333333 -80.7968833333333 4 1996
"4837" 0 25.37495 -80.77705 4 1996
"4838" 0 25.37495 -80.7671666666667 4 1996
"4839" 0 25.375 -80.7572 4 1996
"4841" 0 25.3659666666667 -80.8166666666667 4 1996
"4842" 0 25.36595 -80.80665 4 1996
"4844" 0 25.366 -80.7867833333333 4 1996
"4845" 0 25.3659833333333 -80.7769666666667 4 1996
"4846" 0 25.366 -80.7670666666667 4 1996
"4847" 4 25.3659833333333 -80.7572 4 1996
"4849" 0 25.357 -80.8165666666667 4 1996
"4850" 4 25.3569833333333 -80.80655 4 1996
"4851" 2 25.357 -80.7967166666667 4 1996
"4852" 0 25.3570166666667 -80.7867166666667 4 1996
"4853" 0 25.3570166666667 -80.7768833333333 4 1996
"4854" 0 25.357 -80.7669833333333 4 1996
"4855" 4 25.3569833333333 -80.7572 4 1996
"4858" 0 25.3480333333333 -80.8064833333333 4 1996
"4859" 0 25.3480333333333 -80.79665 4 1996
"4860" 1 25.3480333333333 -80.78665 4 1996
"4861" 0 25.3480333333333 -80.7768333333333 4 1996
"4862" 2 25.3480333333333 -80.7669 4 1996
"4863" 4 25.348 -80.7571666666667 4 1996
"4865" 0 25.339 -80.8163666666667 4 1996
"4866" 1 25.339 -80.8064 4 1996
"4867" 0 25.3390166666667 -80.79655 4 1996
"4868" 0 25.3390166666667 -80.7865333333333 4 1996
"4869" 5 25.33905 -80.7767166666667 4 1996
"4870" 1 25.3390333333333 -80.76685 4 1996
"4871" 2 25.3390333333333 -80.7571666666667 4 1996
"4873" 1 25.3300666666667 -80.8162833333333 4 1996
"4874" 1 25.3300833333333 -80.8063 4 1996
"4875" 3 25.3300833333333 -80.79645 4 1996
"4876" 1 25.3300833333333 -80.7864666666667 4 1996
"4877" 1 25.3301 -80.7766333333333 4 1996
"4878" 5 25.3301 -80.7667333333333 4 1996
"4879" 2 25.3300833333333 -80.75715 4 1996
"4881" 0 25.3209833333333 -80.8161833333333 4 1996
"4882" 0 25.3209833333333 -80.8062 4 1996
"4883" 0 25.3209833333333 -80.7963666666667 4 1996
"4884" 2 25.3209666666667 -80.78635 4 1996
"4885" 2 25.3209833333333 -80.7765333333333 4 1996
"4886" 2 25.321 -80.76665 4 1996
"4887" 2 25.3209333333333 -80.75725 4 1996
"4888" 0 25.3120333333333 -80.8161 4 1996
"4889" 0 25.3120333333333 -80.8061 4 1996
"4890" 1 25.312 -80.7962666666667 4 1996
"4892" 0 25.312 -80.77645 4 1996
"4893" 4 25.3120166666667 -80.7665666666667 4 1996
"4894" 2 25.3119666666667 -80.7572333333333 4 1996
"4895" 0 25.3030166666667 -80.8060166666667 4 1996
"4896" 0 25.3030333333333 -80.7962166666667 4 1996
"4897" 3 25.3030166666667 -80.7862 4 1996
"4898" 0 25.3030166666667 -80.7763833333333 4 1996
"4899" 3 25.3030166666667 -80.7664833333333 4 1996
"4900" 0 25.3030666666667 -80.75725 4 1996
"4901" 0 25.2939833333333 -80.79615 4 1996
"4903" 1 25.2939833333333 -80.7763333333333 4 1996
"4904" 0 25.2939833333333 -80.7664333333333 4 1996
"4905" 1 25.294 -80.7572166666667 4 1996
"4907" 0 25.4282 -80.78655 4 1996
"4910" 0 25.42815 -80.7573666666667 4 1996
"4911" 0 25.41905 -80.7966833333333 4 1996
"4912" 0 25.41905 -80.7866333333333 4 1996
"4913" 0 25.4190333333333 -80.7768666666667 4 1996
"4914" 0 25.4190333333333 -80.7668833333333 4 1996
"4915" 0 25.419 -80.7573833333333 4 1996
"4916" 0 25.3748666666667 -80.7473666666667 4 1996
"4917" 3 25.3748166666667 -80.7374333333333 4 1996
"4918" 0 25.3747333333333 -80.7274 4 1996
"4919" 0 25.37495 -80.7175333333333 4 1996
"4920" 0 25.36595 -80.74735 4 1996
"4921" 0 25.36595 -80.7374 4 1996
"4922" 0 25.36595 -80.7273833333333 4 1996
"4923" 0 25.3659833333333 -80.7175166666667 4 1996
"4924" 0 25.35695 -80.7473333333333 4 1996
"4925" 0 25.3569666666667 -80.7374 4 1996
"4926" 0 25.35695 -80.7273833333333 4 1996
"4927" 0 25.3569666666667 -80.7175166666667 4 1996
"4928" 0 25.3569833333333 -80.7076833333333 4 1996
"4929" 0 25.3570166666667 -80.6976833333333 4 1996
"4930" 0 25.3570333333333 -80.6878166666667 4 1996
"4931" 0 25.3570666666667 -80.6779333333333 4 1996
"4932" 0 25.35705 -80.668 4 1996
"4933" 0 25.35705 -80.6582 4 1996
"4934" 0 25.3570333333333 -80.6481833333333 4 1996
"4935" 0 25.3570333333333 -80.6383 4 1996
"4936" 0 25.357 -80.6284666666667 4 1996
"4937" 2 25.3479 -80.7473166666667 4 1996
"4938" 0 25.3479166666667 -80.7374 4 1996
"4939" 4 25.3479333333333 -80.7274 4 1996
"4941" 0 25.3480166666667 -80.6878166666667 4 1996
"4942" 0 25.34805 -80.6382833333333 4 1996
"4943" 0 25.3480166666667 -80.62845 4 1996
"4944" 1 25.339 -80.7473166666667 4 1996
"4945" 1 25.3390333333333 -80.7374 4 1996
"4946" 1 25.3390166666667 -80.7274166666667 4 1996
"4947" 2 25.3390333333333 -80.7175333333333 4 1996
"4948" 0 25.33905 -80.6383666666667 4 1996
"4949" 0 25.3300166666667 -80.7473166666667 4 1996
"4950" 0 25.3300166666667 -80.7374166666667 4 1996
"4952" 0 25.33005 -80.7175333333333 4 1996
"4953" 0 25.33005 -80.7076666666667 4 1996
"4954" 3 25.3209166666667 -80.7472833333333 4 1996
"4955" 3 25.32095 -80.7374 4 1996
"4956" 0 25.32095 -80.7274 4 1996
"4959" 3 25.3119833333333 -80.7472666666667 4 1996
"4960" 4 25.3119833333333 -80.7373666666667 4 1996
"4961" 2 25.3119833333333 -80.7273833333333 4 1996
"4962" 0 25.3119833333333 -80.7175 4 1996
"4963" 5 25.3120166666667 -80.7076333333333 4 1996
"4964" 0 25.3029333333333 -80.7472666666667 4 1996
"4965" 2 25.3029333333333 -80.7373666666667 4 1996
"4966" 3 25.3029166666667 -80.72745 4 1996
"4967" 1 25.3029166666667 -80.7076833333333 4 1996
"4968" 1 25.2939833333333 -80.74725 4 1996
"4969" 0 25.294 -80.7373666666667 4 1996
"4970" 1 25.294 -80.7273833333333 4 1996
"4971" 2 25.2940166666667 -80.71745 4 1996
"4972" 3 25.2939833333333 -80.7076666666667 4 1996
"4973" 0 25.2851333333333 -80.74725 4 1996
"4974" 0 25.2851333333333 -80.7373666666667 4 1996
"4975" 3 25.285 -80.7272166666667 4 1996
"4976" 0 25.285 -80.7172333333333 4 1996
"4977" 0 25.285 -80.6978666666667 4 1996
"4978" 0 25.33 -80.69775 4 1996
"4979" 0 25.2936 -80.69785 4 1996
"4980" 0 25.3917333333333 -80.7475 4 1997
"4981" 0 25.3917666666667 -80.7375833333333 4 1997
"4982" 0 25.3918166666667 -80.72755 4 1997
"4983" 0 25.3830333333333 -80.7474833333333 4 1997
"4984" 0 25.3830333333333 -80.73755 4 1997
"4985" 0 25.3830333333333 -80.7275666666667 4 1997
"4986" 0 25.38305 -80.7177666666667 4 1997
"4989" 1 25.3749 -80.80675 4 1997
"4990" 0 25.3749333333333 -80.7968833333333 4 1997
"4992" 0 25.37495 -80.77705 4 1997
"4993" 0 25.37495 -80.7671666666667 4 1997
"4994" 2 25.375 -80.7572 4 1997
"4995" 0 25.3659333333333 -80.8264833333333 5 1997
"4996" 0 25.3659666666667 -80.8166666666667 4 1997
"4997" 0 25.36595 -80.80665 4 1997
"4998" 0 25.3659833333333 -80.7968 4 1997
"4999" 0 25.366 -80.7867833333333 4 1997
"5000" 0 25.3659833333333 -80.7769666666667 4 1997
"5001" 2 25.366 -80.7670666666667 4 1997
"5002" 4 25.3659833333333 -80.7572 4 1997
"5004" 1 25.357 -80.8165666666667 4 1997
"5005" 3 25.3569833333333 -80.80655 4 1997
"5006" 3 25.357 -80.7967166666667 4 1997
"5008" 0 25.3570166666667 -80.7768833333333 4 1997
"5011" 1 25.3480166666667 -80.8263 5 1997
"5015" 4 25.3480333333333 -80.78665 4 1997
"5016" 4 25.3480333333333 -80.7768333333333 4 1997
"5017" 0 25.3480333333333 -80.7669 4 1997
"5020" 0 25.339 -80.8163666666667 4 1997
"5022" 1 25.3390166666667 -80.79655 4 1997
"5023" 0 25.3390166666667 -80.7865333333333 4 1997
"5024" 2 25.33905 -80.7767166666667 4 1997
"5025" 3 25.3390333333333 -80.76685 4 1997
"5026" 5 25.3390333333333 -80.7571666666667 4 1997
"5029" 1 25.3300833333333 -80.8063 4 1997
"5032" 2 25.3301 -80.7766333333333 4 1997
"5033" 2 25.3301 -80.7667333333333 4 1997
"5041" 4 25.321 -80.76665 4 1997
"5042" 2 25.3209333333333 -80.75725 4 1997
"5046" 2 25.3120166666667 -80.7862833333333 4 1997
"5047" 2 25.312 -80.77645 4 1997
"5048" 2 25.3120166666667 -80.7665666666667 4 1997
"5049" 2 25.3119666666667 -80.7572333333333 4 1997
"5053" 3 25.3030166666667 -80.7763833333333 4 1997
"5054" 2 25.3030166666667 -80.7664833333333 4 1997
"5055" 3 25.3030666666667 -80.75725 4 1997
"5056" 0 25.2939833333333 -80.79615 4 1997
"5058" 0 25.2939833333333 -80.7763333333333 4 1997
"5059" 3 25.2939833333333 -80.7664333333333 4 1997
"5062" 0 25.285 -80.7664 4 1997
"5068" 0 25.3748166666667 -80.7374333333333 4 1997
"5069" 0 25.3747333333333 -80.7274 4 1997
"5071" 3 25.36595 -80.74735 4 1997
"5072" 0 25.36595 -80.7374 4 1997
"5073" 0 25.36595 -80.7273833333333 4 1997
"5074" 0 25.3659833333333 -80.7175166666667 4 1997
"5075" 2 25.35695 -80.7473333333333 4 1997
"5076" 4 25.3569666666667 -80.7374 4 1997
"5078" 0 25.3569666666667 -80.7175166666667 4 1997
"5079" 2 25.3479 -80.7473166666667 4 1997
"5080" 5 25.3479166666667 -80.7374 4 1997
"5081" 2 25.3479333333333 -80.7274 4 1997
"5083" 3 25.339 -80.7473166666667 4 1997
"5084" 3 25.3390333333333 -80.7374 4 1997
"5085" 3 25.3390166666667 -80.7274166666667 4 1997
"5086" 1 25.3390333333333 -80.7175333333333 4 1997
"5087" 3 25.3300166666667 -80.7473166666667 4 1997
"5088" 2 25.3300166666667 -80.7374166666667 4 1997
"5092" 0 25.32095 -80.7374 4 1997
"5093" 1 25.32095 -80.7274 4 1997
"5095" 2 25.3119833333333 -80.7472666666667 4 1997
"5096" 1 25.3119833333333 -80.7373666666667 4 1997
"5097" 3 25.3119833333333 -80.7273833333333 4 1997
"5098" 2 25.3119833333333 -80.7175 4 1997
"5100" 3 25.3029333333333 -80.7373666666667 4 1997
"5102" 6 25.3029333333333 -80.7174666666667 4 1997
"5103" 1 25.3029166666667 -80.7076833333333 4 1997
"5104" 4 25.2939833333333 -80.74725 4 1997
"5107" 2 25.2940166666667 -80.71745 4 1997
"5108" 0 25.2939833333333 -80.7076666666667 4 1997
"5111" 3 25.285 -80.7272166666667 4 1997
"5112" 3 25.285 -80.7172333333333 4 1997
"5116" 0 25.2761 -80.7372333333333 4 1997
"5119" 0 25.3917333333333 -80.7475 4 1998
"5120" 0 25.3917666666667 -80.7375833333333 4 1998
"5123" 0 25.3830333333333 -80.73755 4 1998
"5124" 0 25.3830333333333 -80.7275666666667 4 1998
"5125" 1 25.3748333333333 -80.81675 4 1998
"5126" 0 25.3749 -80.80675 4 1998
"5127" 0 25.3749333333333 -80.7968833333333 4 1998
"5128" 1 25.3749333333333 -80.78685 4 1998
"5129" 0 25.37495 -80.77705 4 1998
"5130" 0 25.37495 -80.7671666666667 4 1998
"5131" 0 25.375 -80.7572 4 1998
"5135" 0 25.366 -80.7867833333333 4 1998
"5136" 1 25.3659833333333 -80.7769666666667 4 1998
"5137" 1 25.366 -80.7670666666667 4 1998
"5138" 4 25.3659833333333 -80.7572 4 1998
"5140" 0 25.357 -80.8165666666667 4 1998
"5141" 1 25.3569833333333 -80.80655 4 1998
"5142" 2 25.357 -80.7967166666667 4 1998
"5143" 2 25.3570166666667 -80.7867166666667 4 1998
"5144" 0 25.3570166666667 -80.7768833333333 4 1998
"5145" 1 25.357 -80.7669833333333 4 1998
"5146" 3 25.3569833333333 -80.7572 4 1998
"5147" 1 25.3480166666667 -80.8263 4 1998
"5149" 0 25.3480333333333 -80.8064833333333 4 1998
"5151" 0 25.3480333333333 -80.78665 4 1998
"5152" 1 25.3480333333333 -80.7768333333333 4 1998
"5153" 3 25.3480333333333 -80.7669 4 1998
"5154" 1 25.348 -80.7571666666667 4 1998
"5155" 0 25.3389666666667 -80.8262333333333 4 1998
"5156" 0 25.339 -80.8163666666667 4 1998
"5158" 1 25.3390166666667 -80.79655 4 1998
"5159" 0 25.3390166666667 -80.7865333333333 4 1998
"5160" 2 25.33905 -80.7767166666667 4 1998
"5161" 1 25.3390333333333 -80.76685 4 1998
"5162" 3 25.3390333333333 -80.7571666666667 4 1998
"5163" 0 25.3300666666667 -80.8162833333333 4 1998
"5164" 3 25.3300833333333 -80.8063 4 1998
"5165" 2 25.3300833333333 -80.79645 4 1998
"5166" 0 25.3300833333333 -80.7864666666667 4 1998
"5167" 0 25.3301 -80.7766333333333 4 1998
"5168" 1 25.3301 -80.7667333333333 4 1998
"5169" 2 25.3300833333333 -80.75715 4 1998
"5171" 1 25.3209833333333 -80.8062 4 1998
"5175" 1 25.321 -80.76665 4 1998
"5176" 0 25.3209333333333 -80.75725 4 1998
"5182" 2 25.3120166666667 -80.7665666666667 4 1998
"5183" 0 25.3119666666667 -80.7572333333333 4 1998
"5186" 2 25.3030166666667 -80.7862 4 1998
"5187" 0 25.3030166666667 -80.7763833333333 4 1998
"5188" 4 25.3030166666667 -80.7664833333333 4 1998
"5190" 0 25.2939833333333 -80.79615 4 1998
"5192" 0 25.2939833333333 -80.7763333333333 4 1998
"5193" 0 25.2939833333333 -80.7664333333333 4 1998
"5194" 3 25.294 -80.7572166666667 4 1998
"5196" 1 25.285 -80.7664 4 1998
"5204" 0 25.3831 -80.8169166666667 4 1998
"5205" 0 25.3831166666667 -80.8069333333333 4 1998
"5206" 0 25.3831 -80.7970333333333 4 1998
"5208" 0 25.3830333333333 -80.7773333333333 4 1998
"5209" 0 25.3748666666667 -80.7473666666667 4 1998
"5210" 0 25.3748166666667 -80.7374333333333 4 1998
"5211" 0 25.3747333333333 -80.7274 4 1998
"5213" 2 25.36595 -80.74735 4 1998
"5214" 0 25.36595 -80.7374 4 1998
"5215" 0 25.36595 -80.7273833333333 4 1998
"5216" 0 25.3659833333333 -80.7175166666667 4 1998
"5217" 2 25.35695 -80.7473333333333 4 1998
"5218" 1 25.3569666666667 -80.7374 4 1998
"5220" 2 25.3569666666667 -80.7175166666667 4 1998
"5221" 3 25.3479 -80.7473166666667 4 1998
"5223" 3 25.3479333333333 -80.7274 4 1998
"5224" 0 25.34795 -80.7175333333333 4 1998
"5225" 3 25.339 -80.7473166666667 4 1998
"5226" 0 25.3390333333333 -80.7374 4 1998
"5227" 0 25.3390166666667 -80.7274166666667 4 1998
"5230" 0 25.3300166666667 -80.7374166666667 4 1998
"5233" 3 25.3209166666667 -80.7472833333333 4 1998
"5236" 2 25.3209833333333 -80.7175166666667 4 1998
"5241" 1 25.3029333333333 -80.7472666666667 4 1998
"5244" 3 25.3029333333333 -80.7174666666667 4 1998
"5246" 5 25.2939833333333 -80.74725 4 1998
"5247" 0 25.294 -80.7373666666667 4 1998
"5250" 0 25.2939833333333 -80.7076666666667 4 1998
"5251" 2 25.2851333333333 -80.74725 4 1998
"5254" 1 25.285 -80.7172333333333 4 1998
"5257" 0 25.2761 -80.7472333333333 4 1998
"5261" 0 25.3917333333333 -80.7475 4 1999
"5262" 0 25.3917666666667 -80.7375833333333 4 1999
"5264" 0 25.3830333333333 -80.73755 4 1999
"5265" 0 25.3830333333333 -80.7275666666667 4 1999
"5266" 0 25.38305 -80.7177666666667 4 1999
"5271" 0 25.37495 -80.7671666666667 4 1999
"5272" 2 25.375 -80.7572 4 1999
"5276" 0 25.3659833333333 -80.7968 4 1999
"5277" 0 25.366 -80.7867833333333 4 1999
"5281" 1 25.357 -80.8264 4 1999
"5282" 0 25.357 -80.8165666666667 4 1999
"5283" 2 25.3569833333333 -80.80655 4 1999
"5285" 1 25.3570166666667 -80.7867166666667 4 1999
"5286" 1 25.3570166666667 -80.7768833333333 4 1999
"5288" 3 25.3569833333333 -80.7572 4 1999
"5294" 3 25.3480333333333 -80.7768333333333 4 1999
"5295" 2 25.3480333333333 -80.7669 4 1999
"5300" 0 25.3390166666667 -80.79655 4 1999
"5303" 0 25.3390333333333 -80.76685 4 1999
"5309" 1 25.3300833333333 -80.7864666666667 4 1999
"5310" 2 25.3301 -80.7766333333333 4 1999
"5312" 2 25.3300833333333 -80.75715 4 1999
"5319" 2 25.321 -80.76665 4 1999
"5324" 2 25.3120166666667 -80.7862833333333 4 1999
"5326" 2 25.3120166666667 -80.7665666666667 4 1999
"5337" 3 25.2939833333333 -80.7664333333333 4 1999
"5346" 0 25.4190333333333 -80.7668833333333 4 1999
"5347" 0 25.419 -80.7573833333333 4 1999
"5351" 0 25.4100833333333 -80.7669833333333 4 1999
"5353" 0 25.4011 -80.7868166666667 4 1999
"5354" 0 25.4010833333333 -80.7770666666667 4 1999
"5356" 3 25.3748666666667 -80.7473666666667 4 1999
"5357" 0 25.3748166666667 -80.7374333333333 4 1999
"5358" 0 25.37495 -80.7175333333333 4 1999
"5360" 0 25.36595 -80.7374 4 1999
"5361" 0 25.36595 -80.7273833333333 4 1999
"5362" 0 25.3659833333333 -80.7175166666667 4 1999
"5364" 2 25.35695 -80.7473333333333 4 1999
"5366" 0 25.35695 -80.7273833333333 4 1999
"5367" 0 25.3569666666667 -80.7175166666667 4 1999
"5369" 4 25.3479166666667 -80.7374 4 1999
"5370" 0 25.3479333333333 -80.7274 4 1999
"5371" 0 25.34795 -80.7175333333333 4 1999
"5373" 1 25.3390333333333 -80.7374 4 1999
"5374" 1 25.3390166666667 -80.7274166666667 4 1999
"5375" 3 25.3390333333333 -80.7175333333333 4 1999
"5376" 2 25.3300166666667 -80.7473166666667 4 1999
"5377" 2 25.3300166666667 -80.7374166666667 4 1999
"5379" 0 25.33005 -80.7076666666667 4 1999
"5384" 0 25.3119833333333 -80.7472666666667 4 1999
"5385" 0 25.3119833333333 -80.7373666666667 4 1999
"5387" 0 25.3119833333333 -80.7175 4 1999
"5388" 0 25.3120166666667 -80.7076333333333 4 1999
"5389" 0 25.3029333333333 -80.7472666666667 4 1999
"5390" 3 25.3029333333333 -80.7373666666667 4 1999
"5391" 0 25.3029166666667 -80.72745 4 1999
"5393" 0 25.3029166666667 -80.7076833333333 4 1999
"5399" 0 25.2851333333333 -80.74725 4 1999
"5404" 0 25.2851666666667 -80.70755 4 1999
"5429" 1 25.366 -80.7670666666667 4 2000
"5432" 4 25.357 -80.8165666666667 4 2000
"5436" 0 25.3570166666667 -80.7768833333333 4 2000
"5438" 3 25.3569833333333 -80.7572 4 2000
"5441" 0 25.3480333333333 -80.8064833333333 4 2000
"5444" 2 25.3480333333333 -80.7768333333333 4 2000
"5445" 2 25.3480333333333 -80.7669 4 2000
"5450" 1 25.3390166666667 -80.79655 4 2000
"5453" 0 25.3390333333333 -80.76685 4 2000
"5460" 1 25.3301 -80.7766333333333 4 2000
"5462" 2 25.3300833333333 -80.75715 4 2000
"5475" 0 25.312 -80.77645 4 2000
"5476" 0 25.3120166666667 -80.7665666666667 4 2000
"5481" 0 25.3030166666667 -80.7664833333333 4 2000
"5483" 0 25.2939833333333 -80.79615 4 2000
"5513" 2 25.3748666666667 -80.7473666666667 4 2000
"5514" 0 25.3748166666667 -80.7374333333333 4 2000
"5515" 0 25.3747333333333 -80.7274 4 2000
"5516" 0 25.37495 -80.7175333333333 4 2000
"5517" 4 25.36595 -80.74735 4 2000
"5519" 0 25.36595 -80.7273833333333 4 2000
"5520" 0 25.3659833333333 -80.7175166666667 4 2000
"5522" 3 25.35695 -80.7473333333333 4 2000
"5523" 1 25.3569666666667 -80.7374 4 2000
"5525" 0 25.3569666666667 -80.7175166666667 4 2000
"5526" 2 25.3479 -80.7473166666667 4 2000
"5528" 1 25.3479333333333 -80.7274 4 2000
"5530" 4 25.339 -80.7473166666667 4 2000
"5531" 1 25.3390333333333 -80.7374 4 2000
"5533" 1 25.3390333333333 -80.7175333333333 4 2000
"5534" 1 25.3300166666667 -80.7473166666667 4 2000
"5538" 1 25.33005 -80.7076666666667 4 2000
"5540" 0 25.32095 -80.7374 4 2000
"5543" 1 25.3119833333333 -80.7472666666667 4 2000
"5549" 2 25.3029333333333 -80.7373666666667 4 2000
"5551" 0 25.3029333333333 -80.7174666666667 4 2000
"5553" 3 25.2939833333333 -80.74725 4 2000
"5555" 3 25.294 -80.7273833333333 4 2000
"5560" 3 25.285 -80.7272166666667 4 2000
"5561" 1 25.285 -80.7172333333333 4 2000
"5576" 0 25.3749 -80.80675 4 2001
"5589" 5 25.3659833333333 -80.7572 4 2001
"5617" 3 25.3300833333333 -80.79645 4 2001
"5628" 0 25.321 -80.76665 4 2001
"5636" 3 25.3119666666667 -80.7572333333333 4 2001
"5647" 0 25.294 -80.7572166666667 4 2001
"5669" 1 25.3748666666667 -80.7473666666667 4 2001
"5671" 0 25.3747333333333 -80.7274 4 2001
"5672" 0 25.37495 -80.7175333333333 4 2001
"5674" 1 25.36595 -80.7374 4 2001
"5676" 0 25.3659833333333 -80.7175166666667 4 2001
"5677" 0 25.3659833333333 -80.70765 4 2001
"5680" 2 25.35695 -80.7273833333333 4 2001
"5681" 0 25.3569666666667 -80.7175166666667 4 2001
"5686" 6 25.339 -80.7473166666667 4 2001
"5688" 2 25.3390166666667 -80.7274166666667 4 2001
"5691" 2 25.3300166666667 -80.7374166666667 4 2001
"5698" 2 25.3119833333333 -80.7373666666667 4 2001
"5708" 0 25.294 -80.7373666666667 4 2001
"5709" 3 25.294 -80.7273833333333 4 2001
"5724" 0 25.3917666666667 -80.7375833333333 5 2002
"5725" 0 25.3830333333333 -80.7474833333333 5 2002
"5727" 0 25.3830333333333 -80.7275666666667 5 2002
"5736" 1 25.3659666666667 -80.8166666666667 4 2002
"5754" 2 25.3480333333333 -80.78665 4 2002
"5755" 4 25.3480333333333 -80.7768333333333 4 2002
"5761" 0 25.3390166666667 -80.79655 4 2002
"5770" 1 25.3300833333333 -80.7864666666667 4 2002
"5790" 3 25.3030166666667 -80.7862 4 2002
"5820" 2 25.3479166666667 -80.7374 4 2002
"5916" 0 25.3209333333333 -80.75725 4 2003
"5938" 0 25.3748166666667 -80.7374333333333 4 2003
"5943" 0 25.36595 -80.7273833333333 4 2003
"5944" 0 25.3659833333333 -80.7175166666667 4 2003
"5945" 0 25.3659833333333 -80.70765 4 2003
"5971" 0 25.3029333333333 -80.7472666666667 4 2003
"5977" 3 25.294 -80.7373666666667 4 2003
"6049" 4 25.3120166666667 -80.7665666666667 5 2004
"6069" 2 25.36595 -80.7374 4 2004
"6077" 0 25.3569666666667 -80.7175166666667 5 2004
"6086" 2 25.3390166666667 -80.7274166666667 4 2004
"6091" 0 25.33005 -80.7076666666667 4 2004
"6123" 0 25.3749 -80.80675 6 1999
"6124" 0 25.3749333333333 -80.78685 5 1999
"6126" 0 25.37495 -80.7671666666667 5 1999
"6127" 1 25.375 -80.7572 5 1999
"6137" 3 25.357 -80.8165666666667 6 1999
"6138" 3 25.3569833333333 -80.80655 6 1999
"6141" 1 25.3570166666667 -80.7768833333333 5 1999
"6143" 5 25.3569833333333 -80.7572 5 1999
"6145" 0 25.3480333333333 -80.8164833333333 6 1999
"6148" 3 25.3480333333333 -80.78665 5 1999
"6155" 0 25.3390166666667 -80.79655 5 1999
"6157" 2 25.33905 -80.7767166666667 5 1999
"6159" 3 25.3390333333333 -80.7571666666667 5 1999
"6162" 2 25.3300833333333 -80.8063 6 1999
"6170" 0 25.3209833333333 -80.8062 6 1999
"6174" 2 25.321 -80.76665 5 1999
"6175" 4 25.3209333333333 -80.75725 5 1999
"6187" 2 25.3030166666667 -80.7664833333333 5 1999
"6188" 2 25.3030666666667 -80.75725 5 1999
"6205" 0 25.4100833333333 -80.7769666666667 6 1999
"6206" 0 25.4100833333333 -80.7669833333333 6 1999
"6208" 0 25.4011 -80.7868166666667 6 1999
"6212" 0 25.3748166666667 -80.7374333333333 5 1999
"6214" 0 25.37495 -80.7175333333333 5 1999
"6215" 3 25.36595 -80.74735 5 1999
"6216" 0 25.36595 -80.7374 5 1999
"6217" 1 25.36595 -80.7273833333333 5 1999
"6219" 2 25.35695 -80.7473333333333 5 1999
"6221" 2 25.35695 -80.7273833333333 5 1999
"6222" 0 25.3569666666667 -80.7175166666667 5 1999
"6231" 1 25.3300166666667 -80.7473166666667 5 1999
"6247" 1 25.3029166666667 -80.72745 5 1999
"6424" 0 25.4550166666667 -80.5915166666667 4 1981
"6427" 0 25.4460166666667 -80.5991666666667 4 1981
"6433" 1 25.42815 -80.6190666666667 4 1981
"6441" 2 25.4100666666667 -80.619 4 1981
"6447" 1 25.4009833333333 -80.5991666666667 4 1981
"6448" 0 25.4010333333333 -80.5792666666667 4 1981
"6449" 0 25.3918666666667 -80.60905 4 1981
"6450" 1 25.3918666666667 -80.59915 4 1981
"6452" 0 25.4459833333333 -80.6283833333333 5 1992
"6455" 0 25.437 -80.6285166666667 5 1992
"6462" 0 25.482 -80.6091666666667 5 1992
"6463" 0 25.482 -80.5991666666667 5 1992
"6464" 0 25.4820333333333 -80.5893 5 1992
"6465" 0 25.4549833333333 -80.6190833333333 4 1992
"6466" 0 25.4549833333333 -80.60915 4 1992
"6467" 0 25.4549833333333 -80.5991666666667 4 1992
"6468" 0 25.4550166666667 -80.5915166666667 4 1992
"6469" 0 25.4459833333333 -80.6190666666667 4 1992
"6470" 0 25.446 -80.6091333333333 4 1992
"6471" 0 25.4460166666667 -80.5991666666667 4 1992
"6472" 0 25.4460333333333 -80.5911333333333 4 1992
"6473" 0 25.4371 -80.61915 4 1992
"6474" 0 25.4371 -80.60915 4 1992
"6475" 0 25.4371166666667 -80.5992 4 1992
"6476" 0 25.4371333333333 -80.5908666666667 4 1992
"6478" 0 25.42815 -80.60915 4 1992
"6479" 0 25.42815 -80.5992 4 1992
"6480" 0 25.42815 -80.5906833333333 4 1992
"6481" 0 25.4190333333333 -80.6190666666667 4 1992
"6482" 0 25.4190333333333 -80.6091333333333 4 1992
"6483" 3 25.4190333333333 -80.5992 4 1992
"6484" 0 25.4190333333333 -80.591 4 1992
"6485" 0 25.4100666666667 -80.619 4 1992
"6486" 0 25.4100666666667 -80.6091333333333 4 1992
"6487" 0 25.4100833333333 -80.5991666666667 4 1992
"6488" 0 25.4101 -80.5892666666667 4 1992
"6490" 0 25.40095 -80.6090833333333 4 1992
"6491" 0 25.4009833333333 -80.5991666666667 4 1992
"6493" 0 25.3918666666667 -80.60905 4 1992
"6494" 0 25.3918666666667 -80.59915 4 1992
"6496" 0 25.40115 -80.5890666666667 4 1992
"6497" 0 25.4459833333333 -80.6283833333333 4 1993
"6499" 0 25.437 -80.6285166666667 4 1993
"6501" 0 25.4281 -80.6285333333333 4 1993
"6502" 0 25.4190166666667 -80.6384666666667 4 1993
"6503" 0 25.4190166666667 -80.62855 4 1993
"6507" 0 25.4549833333333 -80.6190833333333 4 1993
"6508" 0 25.4549833333333 -80.60915 4 1993
"6509" 0 25.4549833333333 -80.5991666666667 4 1993
"6510" 0 25.4550166666667 -80.5915166666667 4 1993
"6511" 0 25.4459833333333 -80.6190666666667 4 1993
"6512" 0 25.446 -80.6091333333333 4 1993
"6515" 0 25.4371 -80.61915 4 1993
"6516" 0 25.4371 -80.60915 4 1993
"6518" 0 25.4371333333333 -80.5908666666667 4 1993
"6520" 0 25.42815 -80.60915 4 1993
"6521" 0 25.42815 -80.5992 4 1993
"6522" 0 25.42815 -80.5906833333333 4 1993
"6523" 0 25.4190333333333 -80.6190666666667 4 1993
"6524" 0 25.4190333333333 -80.6091333333333 4 1993
"6525" 0 25.4190333333333 -80.5992 4 1993
"6526" 0 25.4190333333333 -80.591 4 1993
"6527" 0 25.4100666666667 -80.619 4 1993
"6528" 0 25.4100666666667 -80.6091333333333 4 1993
"6529" 0 25.4100833333333 -80.5991666666667 4 1993
"6530" 0 25.4101 -80.5892666666667 4 1993
"6531" 0 25.4101 -80.5792333333333 4 1993
"6532" 0 25.40095 -80.6090833333333 4 1993
"6533" 0 25.4009833333333 -80.5991666666667 4 1993
"6535" 0 25.3918666666667 -80.60905 4 1993
"6536" 0 25.3918666666667 -80.59915 4 1993
"6537" 0 25.3829 -80.57925 4 1993
"6538" 0 25.4370666666667 -80.6483333333333 5 1995
"6540" 0 25.437 -80.6285166666667 5 1995
"6541" 0 25.42815 -80.6483166666667 5 1995
"6550" 0 25.4549833333333 -80.60915 5 1995
"6555" 0 25.4371 -80.60915 5 1995
"6558" 0 25.42815 -80.60915 5 1995
"6559" 0 25.42815 -80.5992 5 1995
"6567" 0 25.4459833333333 -80.6283833333333 4 1996
"6568" 0 25.4370666666667 -80.6483333333333 4 1996
"6569" 0 25.4370666666667 -80.6383166666667 4 1996
"6570" 0 25.437 -80.6285166666667 4 1996
"6571" 0 25.42815 -80.6483166666667 4 1996
"6572" 0 25.4281 -80.6384333333333 4 1996
"6573" 0 25.4281 -80.6285333333333 4 1996
"6575" 0 25.4190166666667 -80.6384666666667 4 1996
"6576" 0 25.4190166666667 -80.62855 4 1996
"6577" 0 25.4549833333333 -80.6190833333333 4 1996
"6580" 0 25.4550166666667 -80.5915166666667 4 1996
"6582" 0 25.446 -80.6091333333333 4 1996
"6584" 0 25.4460333333333 -80.5911333333333 4 1996
"6586" 0 25.4371 -80.60915 4 1996
"6587" 0 25.4371166666667 -80.5992 4 1996
"6590" 0 25.42815 -80.60915 4 1996
"6591" 0 25.42815 -80.5992 4 1996
"6592" 0 25.42815 -80.5906833333333 4 1996
"6593" 0 25.4190333333333 -80.6190666666667 4 1996
"6594" 0 25.4190333333333 -80.6091333333333 4 1996
"6595" 0 25.4190333333333 -80.5992 4 1996
"6596" 0 25.4190333333333 -80.591 4 1996
"6598" 3 25.4100666666667 -80.6091333333333 4 1996
"6600" 0 25.4101 -80.5892666666667 4 1996
"6602" 0 25.4009833333333 -80.5991666666667 4 1996
"6604" 0 25.3918666666667 -80.59915 4 1996
"6605" 0 25.4459833333333 -80.6283833333333 4 1997
"6606" 0 25.437 -80.6285166666667 4 1997
"6607" 0 25.4281 -80.6384333333333 4 1997
"6608" 0 25.4281 -80.6285333333333 4 1997
"6609" 0 25.4190166666667 -80.6384666666667 4 1997
"6610" 0 25.4190166666667 -80.62855 4 1997
"6612" 0 25.482 -80.5991666666667 4 1997
"6614" 0 25.4549833333333 -80.6190833333333 4 1997
"6615" 0 25.4549833333333 -80.60915 4 1997
"6617" 0 25.4550166666667 -80.5915166666667 4 1997
"6618" 0 25.4459833333333 -80.6190666666667 4 1997
"6622" 0 25.4371 -80.61915 4 1997
"6623" 2 25.4371 -80.60915 4 1997
"6624" 0 25.4371166666667 -80.5992 4 1997
"6626" 0 25.42815 -80.6190666666667 4 1997
"6627" 1 25.42815 -80.60915 4 1997
"6628" 0 25.42815 -80.5992 4 1997
"6630" 0 25.4190333333333 -80.6190666666667 4 1997
"6631" 0 25.4190333333333 -80.6091333333333 4 1997
"6633" 0 25.4190333333333 -80.591 4 1997
"6634" 0 25.4100666666667 -80.619 4 1997
"6639" 0 25.4009833333333 -80.5991666666667 4 1997
"6641" 0 25.3918666666667 -80.59915 4 1997
"6642" 1 25.4459833333333 -80.6283833333333 4 1998
"6643" 0 25.4370666666667 -80.6483333333333 4 1998
"6646" 0 25.42815 -80.6483166666667 4 1998
"6648" 0 25.4281 -80.6285333333333 4 1998
"6649" 0 25.4190166666667 -80.6484 4 1998
"6651" 0 25.4190166666667 -80.62855 4 1998
"6655" 0 25.4549833333333 -80.6190833333333 4 1998
"6656" 0 25.4549833333333 -80.60915 4 1998
"6657" 1 25.4549833333333 -80.5991666666667 4 1998
"6658" 0 25.4550166666667 -80.5915166666667 4 1998
"6659" 0 25.4459833333333 -80.6190666666667 4 1998
"6662" 0 25.4460333333333 -80.5911333333333 4 1998
"6663" 0 25.4371 -80.61915 4 1998
"6664" 1 25.4371 -80.60915 4 1998
"6665" 0 25.4371166666667 -80.5992 4 1998
"6666" 0 25.4371333333333 -80.5908666666667 4 1998
"6667" 0 25.42815 -80.6190666666667 4 1998
"6668" 0 25.42815 -80.60915 4 1998
"6669" 1 25.42815 -80.5992 4 1998
"6671" 0 25.4190333333333 -80.6190666666667 4 1998
"6673" 0 25.4190333333333 -80.5992 4 1998
"6675" 0 25.4100666666667 -80.619 4 1998
"6681" 0 25.4009833333333 -80.5991666666667 4 1998
"6682" 0 25.4010333333333 -80.5792666666667 4 1998
"6684" 0 25.3918666666667 -80.59915 4 1998
"6685" 0 25.4459833333333 -80.6283833333333 4 1999
"6686" 0 25.4370666666667 -80.6483333333333 4 1999
"6688" 0 25.437 -80.6285166666667 4 1999
"6691" 1 25.4281 -80.6285333333333 4 1999
"6692" 0 25.4190166666667 -80.6484 4 1999
"6693" 0 25.4190166666667 -80.6384666666667 4 1999
"6694" 0 25.4190166666667 -80.62855 4 1999
"6695" 0 25.4549833333333 -80.6190833333333 4 1999
"6696" 0 25.4549833333333 -80.60915 4 1999
"6697" 0 25.4549833333333 -80.5991666666667 4 1999
"6698" 1 25.4550166666667 -80.5915166666667 4 1999
"6703" 0 25.4371 -80.61915 4 1999
"6704" 0 25.4371 -80.60915 4 1999
"6705" 0 25.4371166666667 -80.5992 4 1999
"6706" 0 25.4371333333333 -80.5908666666667 4 1999
"6707" 2 25.42815 -80.6190666666667 4 1999
"6708" 0 25.42815 -80.60915 4 1999
"6709" 0 25.42815 -80.5992 4 1999
"6711" 1 25.4190333333333 -80.6190666666667 4 1999
"6715" 0 25.4100666666667 -80.619 4 1999
"6716" 0 25.4100666666667 -80.6091333333333 4 1999
"6718" 0 25.4101 -80.5892666666667 4 1999
"6720" 0 25.4009833333333 -80.5991666666667 4 1999
"6722" 0 25.3918666666667 -80.59915 4 1999
"6724" 0 25.4459833333333 -80.6283833333333 5 2000
"6725" 0 25.4370666666667 -80.6483333333333 5 2000
"6727" 0 25.437 -80.6285166666667 5 2000
"6731" 0 25.4190166666667 -80.6484 5 2000
"6732" 0 25.4190166666667 -80.6384666666667 5 2000
"6734" 0 25.4549833333333 -80.6190833333333 5 2000
"6735" 0 25.4549833333333 -80.60915 5 2000
"6736" 0 25.4549833333333 -80.5991666666667 5 2000
"6738" 0 25.4459833333333 -80.6190666666667 5 2000
"6740" 0 25.4460166666667 -80.5991666666667 5 2000
"6741" 0 25.4460333333333 -80.5911333333333 5 2000
"6742" 1 25.4371 -80.61915 5 2000
"6743" 0 25.4371 -80.60915 5 2000
"6744" 0 25.4371166666667 -80.5992 5 2000
"6746" 2 25.42815 -80.6190666666667 5 2000
"6747" 0 25.42815 -80.60915 5 2000
"6748" 0 25.42815 -80.5992 5 2000
"6751" 1 25.4190333333333 -80.6091333333333 5 2000
"6755" 0 25.4100666666667 -80.6091333333333 5 2000
"6757" 0 25.4101 -80.5892666666667 5 2000
"6761" 1 25.3918666666667 -80.59915 5 2000
"6763" 0 25.4459833333333 -80.6283833333333 4 2001
"6768" 0 25.4281 -80.6384333333333 4 2001
"6772" 0 25.4190166666667 -80.62855 4 2001
"6773" 0 25.4549833333333 -80.6190833333333 4 2001
"6774" 0 25.4549833333333 -80.60915 4 2001
"6775" 0 25.4549833333333 -80.5991666666667 4 2001
"6779" 0 25.4460166666667 -80.5991666666667 4 2001
"6780" 0 25.4460333333333 -80.5911333333333 4 2001
"6781" 0 25.4371 -80.61915 4 2001
"6782" 0 25.4371 -80.60915 4 2001
"6783" 1 25.4371166666667 -80.5992 4 2001
"6784" 0 25.4371333333333 -80.5908666666667 4 2001
"6785" 0 25.42815 -80.6190666666667 4 2001
"6786" 3 25.42815 -80.60915 4 2001
"6789" 0 25.4190333333333 -80.6190666666667 4 2001
"6791" 0 25.4190333333333 -80.5992 4 2001
"6794" 0 25.4100666666667 -80.6091333333333 4 2001
"6798" 0 25.4009833333333 -80.5991666666667 4 2001
"6800" 0 25.3918666666667 -80.59915 4 2001
"6802" 0 25.4459833333333 -80.6283833333333 4 2002
"6804" 0 25.4370666666667 -80.6383166666667 4 2002
"6805" 0 25.437 -80.6285166666667 4 2002
"6813" 0 25.446 -80.6091333333333 4 2002
"6814" 0 25.4460166666667 -80.5991666666667 4 2002
"6816" 0 25.4371 -80.61915 4 2002
"6819" 0 25.4371333333333 -80.5908666666667 4 2002
"6821" 1 25.42815 -80.60915 4 2002
"6822" 0 25.42815 -80.5992 4 2002
"6826" 0 25.4190333333333 -80.5992 4 2002
"6830" 0 25.4101 -80.5892666666667 4 2002
"6832" 0 25.4009833333333 -80.5991666666667 4 2002
"6840" 1 25.4281 -80.6285333333333 4 2003
"6843" 0 25.4549833333333 -80.60915 4 2003
"6847" 0 25.446 -80.6091333333333 4 2003
"6848" 1 25.4460166666667 -80.5991666666667 4 2003
"6850" 0 25.4371 -80.61915 4 2003
"6852" 0 25.4371166666667 -80.5992 4 2003
"6855" 3 25.42815 -80.60915 4 2003
"6857" 0 25.42815 -80.5906833333333 4 2003
"6858" 0 25.4190333333333 -80.6190666666667 4 2003
"6862" 0 25.4100666666667 -80.619 4 2003
"6867" 0 25.4009833333333 -80.5991666666667 4 2003
"6869" 0 25.40115 -80.5890666666667 4 2003
"6872" 0 25.4370666666667 -80.6383166666667 4 2004
"6880" 0 25.4549833333333 -80.5991666666667 4 2004
"6881" 0 25.4550166666667 -80.5915166666667 4 2004
"6888" 0 25.4371166666667 -80.5992 4 2004
"6889" 0 25.4371333333333 -80.5908666666667 4 2004
"6890" 1 25.42815 -80.6190666666667 4 2004
"6892" 0 25.42815 -80.5992 4 2004
"6896" 0 25.4190333333333 -80.5992 4 2004
"6903" 0 25.4009833333333 -80.5991666666667 4 2004
"6904" 0 25.3918666666667 -80.59915 4 2004
"6906" 0 25.4459833333333 -80.6283833333333 6 1999
"6909" 1 25.437 -80.6285166666667 6 1999
"6910" 0 25.42815 -80.6483166666667 6 1999
"6911" 0 25.4281 -80.6384333333333 6 1999
"6912" 1 25.4281 -80.6285333333333 6 1999
"6913" 0 25.4190166666667 -80.6484 6 1999
"6916" 0 25.4549833333333 -80.6190833333333 6 1999
"6917" 0 25.4549833333333 -80.60915 6 1999
"6918" 0 25.4549833333333 -80.5991666666667 6 1999
"6920" 0 25.4459833333333 -80.6190666666667 6 1999
"6924" 1 25.4371 -80.61915 6 1999
"6927" 0 25.4371333333333 -80.5908666666667 6 1999
"6928" 0 25.42815 -80.6190666666667 6 1999
"6929" 1 25.42815 -80.60915 6 1999
"6930" 0 25.42815 -80.5992 6 1999
"6932" 0 25.4190333333333 -80.6190666666667 6 1999
"6936" 0 25.4100666666667 -80.619 6 1999
"6985" 0 25.36585 -80.5890333333333 4 1981
"6988" 0 25.3658833333333 -80.53945 4 1981
"6989" 0 25.3658833333333 -80.5197 4 1981
"6990" 0 25.3658666666667 -80.5098333333333 4 1981
"6991" 0 25.3569166666667 -80.61875 4 1981
"6997" 0 25.357 -80.5394666666667 4 1981
"6998" 0 25.3569666666667 -80.5295333333333 4 1981
"6999" 0 25.3569666666667 -80.5197 4 1981
"7000" 0 25.3569666666667 -80.5098333333333 4 1981
"7006" 1 25.3479666666667 -80.5394333333333 4 1981
"7007" 0 25.3479666666667 -80.5295666666667 4 1981
"7008" 0 25.34795 -80.5196833333333 4 1981
"7012" 2 25.339 -80.56915 4 1981
"7014" 2 25.3390166666667 -80.5493666666667 4 1981
"7015" 1 25.3390166666667 -80.5394166666667 4 1981
"7024" 1 25.3300166666667 -80.5394 4 1981
"7025" 0 25.3300166666667 -80.5295 4 1981
"7026" 0 25.3300166666667 -80.5196666666667 4 1981
"7027" 0 25.32995 -80.5098666666667 4 1981
"7028" 0 25.321 -80.5890166666667 4 1981
"7030" 0 25.321 -80.5691166666667 4 1981
"7031" 0 25.321 -80.5593 4 1981
"7034" 1 25.3209833333333 -80.5295166666667 4 1981
"7035" 0 25.32095 -80.5196833333333 4 1981
"7036" 0 25.3209 -80.5098666666667 4 1981
"7037" 0 25.312 -80.5890166666667 4 1981
"7045" 0 25.303 -80.589 4 1981
"7046" 0 25.303 -80.579 4 1981
"7048" 1 25.3029833333333 -80.5592833333333 4 1981
"7087" 0 25.339 -80.56915 4 1992
"7088" 2 25.339 -80.5593333333333 4 1992
"7096" 0 25.33 -80.56915 4 1992
"7136" 0 25.3659 -80.5493833333333 4 1993
"7154" 0 25.339 -80.56915 4 1993
"7166" 0 25.321 -80.5890166666667 4 1993
"7173" 0 25.312 -80.5890166666667 4 1993
"7175" 0 25.312 -80.5691166666667 4 1993
"7185" 0 25.2940166666667 -80.5890333333333 4 1993
"7210" 0 25.36585 -80.5890333333333 4 1996
"7212" 0 25.3659 -80.5493833333333 4 1996
"7213" 0 25.3658833333333 -80.53945 4 1996
"7214" 0 25.35695 -80.589 4 1996
"7218" 0 25.357 -80.5494 4 1996
"7225" 0 25.34795 -80.5493833333333 4 1996
"7226" 0 25.3479666666667 -80.5394333333333 4 1996
"7227" 0 25.3479666666667 -80.5295666666667 4 1996
"7230" 0 25.339 -80.56915 4 1996
"7233" 0 25.3390166666667 -80.5394166666667 4 1996
"7234" 0 25.339 -80.52955 4 1996
"7237" 0 25.33 -80.56915 4 1996
"7238" 0 25.3300166666667 -80.5593 4 1996
"7239" 1 25.3300333333333 -80.5493333333333 4 1996
"7240" 0 25.3300166666667 -80.5394 4 1996
"7241" 0 25.3300166666667 -80.5295 4 1996
"7244" 0 25.321 -80.5691166666667 4 1996
"7247" 0 25.3209833333333 -80.5393833333333 4 1996
"7248" 0 25.3209833333333 -80.5295166666667 4 1996
"7249" 0 25.32095 -80.5196833333333 4 1996
"7252" 0 25.312 -80.5691166666667 4 1996
"7254" 0 25.3119833333333 -80.5492833333333 4 1996
"7255" 0 25.31195 -80.5393833333333 4 1996
"7256" 0 25.3119333333333 -80.5295333333333 4 1996
"7257" 0 25.31195 -80.5196666666667 4 1996
"7260" 0 25.303 -80.5691333333333 4 1996
"7261" 0 25.3029833333333 -80.5592833333333 4 1996
"7262" 0 25.3029833333333 -80.5493 4 1996
"7266" 0 25.2940166666667 -80.5592833333333 4 1996
"7292" 0 25.3300333333333 -80.5493333333333 4 1997
"7307" 0 25.303 -80.5691333333333 4 1997
"7325" 0 25.3479833333333 -80.5593666666667 4 1998
"7709" 1 25.5259166666667 -80.67835 4 1981
"7713" 0 25.5166833333333 -80.6683166666667 4 1981
"7716" 0 25.5079166666667 -80.6683833333333 4 1981
"7722" 1 25.4909666666667 -80.67805 4 1981
"7725" 3 25.4820166666667 -80.7079 4 1981
"7726" 0 25.4819666666667 -80.6979 4 1981
"7728" 3 25.4819833333333 -80.6780666666667 4 1981
"7731" 1 25.4729833333333 -80.7178333333333 4 1981
"7732" 0 25.473 -80.7079 4 1981
"7733" 0 25.4730166666667 -80.6978833333333 4 1981
"7734" 0 25.473 -80.6482333333333 4 1981
"7744" 0 25.464 -80.76655 4 1981
"7746" 0 25.4549666666667 -80.7765833333333 4 1981
"7753" 0 25.4371 -80.7667666666667 4 1981
"7754" 1 25.4371 -80.7573833333333 4 1981
"7757" 0 25.5439833333333 -80.6782833333333 5 1992
"7758" 0 25.53495 -80.6881833333333 5 1992
"7759" 0 25.5349833333333 -80.6783166666667 5 1992
"7760" 0 25.5349833333333 -80.66825 5 1992
"7761" 1 25.5258833333333 -80.6882 5 1992
"7762" 1 25.5259166666667 -80.67835 5 1992
"7765" 0 25.5166833333333 -80.6683166666667 5 1992
"7786" 0 25.5529166666667 -80.6287166666667 5 1992
"7788" 0 25.54395 -80.6584166666667 5 1992
"7789" 0 25.53495 -80.6979833333333 5 1992
"7790" 0 25.53495 -80.6288 5 1992
"7794" 0 25.5165833333333 -80.6289 5 1992
"7799" 0 25.4997833333333 -80.6679833333333 5 1992
"7802" 0 25.4909666666667 -80.67805 5 1992
"7803" 0 25.4909333333333 -80.66795 5 1992
"7804" 0 25.4909333333333 -80.6581166666667 5 1992
"7807" 0 25.4819833333333 -80.68785 5 1992
"7808" 0 25.4819833333333 -80.6780666666667 5 1992
"7809" 0 25.4819666666667 -80.6679666666667 5 1992
"7810" 0 25.4819666666667 -80.6581166666667 5 1992
"7814" 0 25.473 -80.6482333333333 5 1992
"7826" 0 25.4819166666667 -80.6283333333333 5 1992
"7827" 1 25.4729333333333 -80.7573833333333 5 1992
"7844" 1 25.5439833333333 -80.6782833333333 4 1993
"7845" 1 25.53495 -80.6881833333333 4 1993
"7849" 2 25.5259166666667 -80.67835 4 1993
"7852" 0 25.5166833333333 -80.6783666666667 4 1993
"7858" 1 25.4998 -80.6878666666667 4 1993
"7859" 0 25.4997333333333 -80.6781 4 1993
"7860" 0 25.4997833333333 -80.6679833333333 4 1993
"7861" 1 25.4909333333333 -80.6978833333333 4 1993
"7862" 2 25.49095 -80.6878333333333 4 1993
"7864" 0 25.4909333333333 -80.66795 4 1993
"7865" 0 25.4909333333333 -80.6581166666667 4 1993
"7867" 1 25.4819666666667 -80.6979 4 1993
"7869" 0 25.4819833333333 -80.6780666666667 4 1993
"7870" 0 25.4819666666667 -80.6679666666667 4 1993
"7871" 0 25.4819666666667 -80.6581166666667 4 1993
"7872" 0 25.4729833333333 -80.7178333333333 4 1993
"7878" 0 25.4549333333333 -80.7377666666667 4 1993
"7882" 0 25.4370833333333 -80.7476666666667 4 1993
"7884" 1 25.4999333333333 -80.69775 4 1993
"7887" 0 25.4639833333333 -80.7574 4 1993
"7894" 0 25.4371166666667 -80.7767 4 1993
"7911" 0 25.5349833333333 -80.66825 5 1995
"7921" 2 25.4998 -80.6878666666667 5 1995
"7924" 2 25.4909333333333 -80.6978833333333 5 1995
"7925" 2 25.49095 -80.6878333333333 5 1995
"7926" 0 25.4909666666667 -80.67805 5 1995
"7927" 0 25.4909333333333 -80.66795 5 1995
"7928" 1 25.4909333333333 -80.6581166666667 5 1995
"7933" 0 25.4819666666667 -80.6679666666667 5 1995
"7935" 0 25.4729833333333 -80.7178333333333 5 1995
"7940" 0 25.4640666666667 -80.7178333333333 5 1995
"7941" 0 25.4549333333333 -80.7377666666667 5 1995
"7946" 0 25.4370666666667 -80.7377166666667 5 1995
"7953" 0 25.4460333333333 -80.77665 5 1995
"7959" 0 25.5530166666667 -80.6782666666667 4 1996
"7960" 0 25.5439833333333 -80.6881333333333 4 1996
"7961" 0 25.5439833333333 -80.6782833333333 4 1996
"7963" 1 25.5349833333333 -80.6783166666667 4 1996
"7964" 0 25.5349833333333 -80.66825 4 1996
"7965" 0 25.5258833333333 -80.6882 4 1996
"7966" 0 25.5259166666667 -80.67835 4 1996
"7967" 0 25.5259 -80.6682833333333 4 1996
"7968" 0 25.5167 -80.6882333333333 4 1996
"7969" 0 25.5166833333333 -80.6783666666667 4 1996
"7970" 0 25.5166833333333 -80.6683166666667 4 1996
"7971" 0 25.5078333333333 -80.6882666666667 4 1996
"7972" 0 25.5078833333333 -80.6784333333333 4 1996
"7973" 0 25.5079166666667 -80.6683833333333 4 1996
"7975" 2 25.4997333333333 -80.6781 4 1996
"7976" 0 25.4997833333333 -80.6679833333333 4 1996
"7977" 3 25.4909333333333 -80.6978833333333 4 1996
"7978" 2 25.49095 -80.6878333333333 4 1996
"7979" 0 25.4909666666667 -80.67805 4 1996
"7980" 0 25.4909333333333 -80.66795 4 1996
"7981" 2 25.4909333333333 -80.6581166666667 4 1996
"7982" 0 25.4820166666667 -80.7079 4 1996
"7983" 0 25.4819666666667 -80.6979 4 1996
"7984" 0 25.4819833333333 -80.68785 4 1996
"7985" 0 25.4819833333333 -80.6780666666667 4 1996
"7986" 0 25.4819666666667 -80.6679666666667 4 1996
"7987" 0 25.4819666666667 -80.6581166666667 4 1996
"7988" 0 25.4729833333333 -80.7178333333333 4 1996
"7989" 0 25.473 -80.7079 4 1996
"7990" 0 25.4730166666667 -80.6978833333333 4 1996
"7991" 0 25.473 -80.6482333333333 4 1996
"7992" 0 25.4640666666667 -80.7276333333333 4 1996
"7993" 0 25.4640666666667 -80.7178333333333 4 1996
"7994" 0 25.4549333333333 -80.7377666666667 4 1996
"7995" 0 25.45495 -80.72765 4 1996
"7996" 0 25.4460333333333 -80.73775 4 1996
"7997" 0 25.4460333333333 -80.72765 4 1996
"7998" 0 25.4370833333333 -80.7476666666667 4 1996
"8002" 0 25.4639833333333 -80.7574 4 1996
"8005" 0 25.4549833333333 -80.7573833333333 4 1996
"8007" 0 25.44605 -80.7667 4 1996
"8009" 0 25.4371166666667 -80.7767 4 1996
"8011" 0 25.4371 -80.7573833333333 4 1996
"8012" 0 25.5530166666667 -80.6782666666667 4 1997
"8014" 2 25.5439833333333 -80.6782833333333 4 1997
"8015" 1 25.53495 -80.6881833333333 4 1997
"8016" 3 25.5349833333333 -80.6783166666667 4 1997
"8017" 0 25.5349833333333 -80.66825 4 1997
"8018" 7 25.5258833333333 -80.6882 4 1997
"8021" 4 25.5167 -80.6882333333333 4 1997
"8022" 2 25.5166833333333 -80.6783666666667 4 1997
"8023" 4 25.5078333333333 -80.6882666666667 4 1997
"8024" 2 25.5078833333333 -80.6784333333333 4 1997
"8025" 0 25.5079166666667 -80.6683833333333 4 1997
"8027" 3 25.5166166666667 -80.6980666666667 4 1997
"8029" 3 25.5079666666667 -80.6978333333333 4 1997
"8035" 2 25.4998 -80.6878666666667 4 1997
"8037" 0 25.4997833333333 -80.6679833333333 4 1997
"8038" 0 25.4909333333333 -80.6978833333333 4 1997
"8039" 0 25.49095 -80.6878333333333 4 1997
"8040" 0 25.4909666666667 -80.67805 4 1997
"8041" 0 25.4909333333333 -80.66795 4 1997
"8042" 0 25.4909333333333 -80.6581166666667 4 1997
"8043" 0 25.4820166666667 -80.7079 4 1997
"8044" 0 25.4819666666667 -80.6979 4 1997
"8045" 0 25.4819833333333 -80.68785 4 1997
"8046" 0 25.4819833333333 -80.6780666666667 4 1997
"8047" 0 25.4819666666667 -80.6679666666667 4 1997
"8048" 1 25.4819666666667 -80.6581166666667 4 1997
"8049" 0 25.4729833333333 -80.7178333333333 4 1997
"8050" 0 25.473 -80.7079 4 1997
"8051" 0 25.4730166666667 -80.6978833333333 4 1997
"8052" 0 25.473 -80.6482333333333 4 1997
"8053" 0 25.4640666666667 -80.7276333333333 4 1997
"8054" 0 25.45495 -80.72765 4 1997
"8055" 0 25.4460333333333 -80.73775 4 1997
"8056" 0 25.4370833333333 -80.7476666666667 4 1997
"8057" 0 25.4370666666667 -80.7377166666667 4 1997
"8058" 2 25.4999333333333 -80.69775 5 1997
"8066" 2 25.4549666666667 -80.76665 4 1997
"8073" 1 25.4371 -80.7573833333333 4 1997
"8079" 1 25.5349833333333 -80.66825 4 1998
"8084" 2 25.5078333333333 -80.6882666666667 4 1998
"8088" 2 25.5166166666667 -80.6980666666667 4 1998
"8101" 3 25.49095 -80.6878333333333 4 1998
"8103" 0 25.4909333333333 -80.66795 4 1998
"8104" 0 25.4909333333333 -80.6581166666667 4 1998
"8105" 5 25.4820166666667 -80.7079 4 1998
"8106" 0 25.4819666666667 -80.6979 4 1998
"8107" 0 25.4819833333333 -80.68785 4 1998
"8110" 0 25.4819666666667 -80.6581166666667 4 1998
"8112" 0 25.473 -80.7079 4 1998
"8113" 0 25.4730166666667 -80.6978833333333 4 1998
"8114" 0 25.473 -80.6482333333333 4 1998
"8140" 0 25.44605 -80.7667 4 1998
"8151" 2 25.5258833333333 -80.6882 4 1999
"8157" 4 25.5078333333333 -80.6882666666667 4 1999
"8159" 0 25.5079166666667 -80.6683833333333 4 1999
"8161" 2 25.5166166666667 -80.6980666666667 4 1999
"8163" 2 25.5079666666667 -80.6978333333333 4 1999
"8166" 1 25.5167333333333 -80.7078166666667 4 1999
"8167" 3 25.5259333333333 -80.7077833333333 4 1999
"8168" 3 25.5259 -80.6973333333333 4 1999
"8169" 0 25.5167666666667 -80.718 4 1999
"8172" 0 25.4997833333333 -80.6679833333333 4 1999
"8173" 2 25.4909333333333 -80.6978833333333 4 1999
"8178" 0 25.4820166666667 -80.7079 4 1999
"8179" 1 25.4819666666667 -80.6979 4 1999
"8184" 0 25.4729833333333 -80.7178333333333 4 1999
"8185" 0 25.473 -80.7079 4 1999
"8186" 1 25.4730166666667 -80.6978833333333 4 1999
"8188" 0 25.4640666666667 -80.7276333333333 4 1999
"8189" 0 25.4640666666667 -80.7178333333333 4 1999
"8190" 0 25.4549333333333 -80.7377666666667 4 1999
"8191" 0 25.45495 -80.72765 4 1999
"8195" 0 25.4999333333333 -80.69775 4 1999
"8196" 0 25.4909833333333 -80.7275166666667 4 1999
"8197" 0 25.5001 -80.70785 4 1999
"8199" 0 25.4821166666667 -80.7178 4 1999
"8201" 0 25.4730833333333 -80.7273666666667 4 1999
"8205" 0 25.4729333333333 -80.7573833333333 4 1999
"8213" 0 25.4460333333333 -80.7573666666667 4 1999
"8216" 0 25.4371 -80.7573833333333 4 1999
"8247" 2 25.4909666666667 -80.67805 5 2000
"8249" 0 25.4909333333333 -80.6581166666667 5 2000
"8263" 0 25.45495 -80.72765 5 2000
"8273" 0 25.48205 -80.72735 5 2000
"8311" 2 25.4998 -80.6878666666667 5 2001
"8330" 3 25.4999333333333 -80.69775 5 2001
"8428" 2 25.5349833333333 -80.6783166666667 4 2003
"8510" 0 25.5259 -80.6973333333333 5 2004
"8522" 0 25.4819833333333 -80.68785 5 2004
"8574" 1 25.49095 -80.6878333333333 5 1999
"8580" 0 25.4819833333333 -80.68785 5 1999
"8583" 0 25.4819666666667 -80.6581166666667 5 1999
"8589" 0 25.4640666666667 -80.7178333333333 5 1999
"8686" 0 25.6163 -80.5792 4 1981
"8706" 1 25.5442333333333 -80.5794666666667 4 1981
"8713" 0 25.5261 -80.5895666666667 4 1981
"8716" 0 25.51705 -80.5995166666667 4 1981
"8717" 0 25.5170333333333 -80.5896 4 1981
"8721" 0 25.508 -80.5896 4 1981
"8762" 0 25.6868 -80.5199166666667 4 1992
"8765" 0 25.6688333333333 -80.5199666666667 4 1992
"8768" 0 25.6508 -80.5199833333333 4 1992
"8769" 0 25.64185 -80.5595 4 1992
"8771" 0 25.62505 -80.5792 4 1992
"8772" 0 25.6163 -80.5792 4 1992
"8773" 0 25.6072 -80.5894 4 1992
"8774" 0 25.6072333333333 -80.5792333333333 4 1992
"8775" 0 25.5983 -80.5894333333333 4 1992
"8776" 0 25.5982666666667 -80.5793 4 1992
"8777" 0 25.5893166666667 -80.5894666666667 4 1992
"8780" 0 25.5801333333333 -80.5793833333333 4 1992
"8781" 0 25.5711333333333 -80.5894833333333 4 1992
"8783" 0 25.5623166666667 -80.5993833333333 4 1992
"8784" 0 25.5623166666667 -80.5894833333333 4 1992
"8786" 0 25.55335 -80.5993666666667 4 1992
"8787" 0 25.5533333333333 -80.5895166666667 4 1992
"8790" 0 25.54425 -80.5994166666667 4 1992
"8791" 1 25.5442333333333 -80.5895666666667 4 1992
"8792" 0 25.5442333333333 -80.5794666666667 4 1992
"8793" 0 25.53525 -80.6094333333333 4 1992
"8794" 0 25.53525 -80.5994666666667 4 1992
"8798" 0 25.5260833333333 -80.5994666666667 4 1992
"8799" 0 25.5261 -80.5895666666667 4 1992
"8801" 0 25.5170666666667 -80.60945 4 1992
"8805" 0 25.508 -80.6094833333333 4 1992
"8806" 0 25.5080166666667 -80.5995333333333 4 1992
"8813" 0 25.6072333333333 -80.5792333333333 4 1993
"8815" 0 25.5982666666667 -80.5793 4 1993
"8818" 0 25.5801333333333 -80.58945 4 1993
"8820" 0 25.5711333333333 -80.5894833333333 4 1993
"8822" 0 25.5623166666667 -80.5993833333333 4 1993
"8823" 0 25.5623166666667 -80.5894833333333 4 1993
"8824" 0 25.5623 -80.5794 4 1993
"8825" 0 25.55335 -80.5993666666667 4 1993
"8826" 0 25.5533333333333 -80.5895166666667 4 1993
"8827" 0 25.5533166666667 -80.5794333333333 4 1993
"8828" 0 25.5443 -80.6094 4 1993
"8829" 0 25.54425 -80.5994166666667 4 1993
"8830" 0 25.5442333333333 -80.5895666666667 4 1993
"8831" 0 25.5442333333333 -80.5794666666667 4 1993
"8833" 0 25.53525 -80.5994666666667 4 1993
"8836" 0 25.5260833333333 -80.6094166666667 4 1993
"8837" 0 25.5260833333333 -80.5994666666667 4 1993
"8840" 0 25.5170666666667 -80.60945 4 1993
"8841" 0 25.51705 -80.5995166666667 4 1993
"8844" 0 25.508 -80.6094833333333 4 1993
"8845" 0 25.5080166666667 -80.5995333333333 4 1993
"8869" 0 25.5623166666667 -80.5993833333333 4 1996
"8870" 0 25.5623166666667 -80.5894833333333 4 1996
"8871" 0 25.5623 -80.5794 4 1996
"8872" 1 25.55335 -80.5993666666667 4 1996
"8873" 0 25.5533333333333 -80.5895166666667 4 1996
"8874" 0 25.5533166666667 -80.5794333333333 4 1996
"8878" 0 25.5170166666667 -80.57955 4 1996
"8879" 0 25.50805 -80.5795833333333 4 1996
"8883" 0 25.5893 -80.57935 4 1997
"8885" 0 25.5801333333333 -80.5793833333333 4 1997
"8886" 0 25.5711333333333 -80.5894833333333 4 1997
"8888" 1 25.5623166666667 -80.5993833333333 4 1997
"8889" 0 25.5623166666667 -80.5894833333333 4 1997
"8890" 0 25.5623 -80.5794 4 1997
"8891" 0 25.55335 -80.5993666666667 4 1997
"8893" 0 25.5533166666667 -80.5794333333333 4 1997
"8895" 0 25.54425 -80.5994166666667 4 1997
"8896" 0 25.5442333333333 -80.5895666666667 4 1997
"8899" 0 25.53525 -80.5994666666667 4 1997
"8900" 0 25.53525 -80.58955 4 1997
"8903" 0 25.5260833333333 -80.5994666666667 4 1997
"8915" 0 25.5893 -80.57935 5 1998
"8917" 0 25.5801333333333 -80.5793833333333 5 1998
"8921" 0 25.5623166666667 -80.5894833333333 5 1998
"8922" 1 25.5623 -80.5794 5 1998
"8923" 0 25.55335 -80.5993666666667 5 1998
"8925" 0 25.5533166666667 -80.5794333333333 5 1998
"8927" 0 25.54425 -80.5994166666667 5 1998
"8928" 0 25.5442333333333 -80.5895666666667 5 1998
"8932" 0 25.53525 -80.58955 5 1998
"8933" 0 25.5352166666667 -80.5794833333333 5 1998
"8939" 0 25.5170166666667 -80.57955 5 1998
"8940" 0 25.50805 -80.5795833333333 5 1998
"8942" 0 25.6163 -80.5792 4 1999
"8944" 0 25.5983 -80.5894333333333 4 1999
"8945" 0 25.5982666666667 -80.5793 4 1999
"8946" 0 25.5893166666667 -80.5894666666667 4 1999
"8948" 0 25.5801333333333 -80.58945 4 1999
"8949" 0 25.5801333333333 -80.5793833333333 4 1999
"8950" 0 25.5711333333333 -80.5894833333333 4 1999
"8952" 0 25.5623166666667 -80.5993833333333 4 1999
"8959" 0 25.54425 -80.5994166666667 4 1999
"8960" 0 25.5442333333333 -80.5895666666667 4 1999
"8962" 0 25.53525 -80.6094333333333 4 1999
"8963" 0 25.53525 -80.5994666666667 4 1999
"8964" 0 25.53525 -80.58955 4 1999
"8965" 0 25.5352166666667 -80.5794833333333 4 1999
"8969" 0 25.5261 -80.5795166666667 4 1999
"8970" 0 25.5170666666667 -80.60945 4 1999
"8971" 0 25.5170333333333 -80.5896 4 1999
"8972" 0 25.5170166666667 -80.57955 4 1999
"8974" 0 25.5080166666667 -80.5995333333333 4 1999
"8978" 0 25.6072333333333 -80.5792333333333 5 2000
"8981" 0 25.5893166666667 -80.5894666666667 5 2000
"8982" 0 25.5893 -80.57935 5 2000
"8990" 0 25.55335 -80.5993666666667 5 2000
"8991" 0 25.5533333333333 -80.5895166666667 5 2000
"8995" 0 25.5442333333333 -80.5895666666667 5 2000
"9014" 0 25.5893166666667 -80.5894666666667 5 2001
"9021" 0 25.5623166666667 -80.5894833333333 5 2001
"9023" 0 25.55335 -80.5993666666667 5 2001
"9024" 0 25.5533333333333 -80.5895166666667 5 2001
"9028" 0 25.5442333333333 -80.5895666666667 5 2001
"9034" 0 25.5260833333333 -80.6094166666667 5 2001
"9054" 0 25.5533333333333 -80.5895166666667 4 2002
"9058" 1 25.5442333333333 -80.5895666666667 4 2002
"9084" 1 25.55335 -80.5993666666667 4 2003
"9086" 0 25.5533166666667 -80.5794333333333 4 2003
"9087" 0 25.5443 -80.6094 4 2003
"9089" 0 25.5442333333333 -80.5895666666667 4 2003
"9092" 0 25.53525 -80.5994666666667 4 2003
"9115" 0 25.5533333333333 -80.5895166666667 4 2004
"9136" 0 25.6163 -80.5792 5 1999
"9140" 0 25.5893166666667 -80.5894666666667 5 1999
"9144" 0 25.5711333333333 -80.5894833333333 5 1999
"9147" 0 25.5623166666667 -80.5894833333333 5 1999
"9149" 0 25.55335 -80.5993666666667 5 1999
"9152" 0 25.5443 -80.6094 5 1999
"9153" 0 25.54425 -80.5994166666667 5 1999
"9154" 0 25.5442333333333 -80.5895666666667 5 1999
"9155" 0 25.5442333333333 -80.5794666666667 5 1999
"9158" 0 25.53525 -80.58955 5 1999
"9161" 0 25.5260833333333 -80.5994666666667 5 1999
"9168" 0 25.508 -80.6094833333333 5 1999
